# nc -l 64001
convexhulllonglat:47.398039859999997,8.54557
convexhulllonglat:47.398036222362471,8.54501
convexhulllonglat:47.397825620791885,8.54500
missionlonglat:47.398039859999997,8.5455725400000002
missionlonglat:47.398036222362471,8.5450146439425509
missionlonglat:47.397825620791885,8.5450092830163271
end_longlat
longitude=47.398036222362471
latitude=8.5450146439425509
relative_altitude_m=1
speed_m_s=1
end_gis
-----------------------------------------
# nc -l 64001
convexhulllonglat:47.398039859999997,8.54557
convexhulllonglat:47.398036222362471,8.54501
convexhulllonglat:47.397825620791885,8.54500
missionlonglat:47.398039859999997,8.5455725400000002
missionlonglat:47.398036222362471,8.5450146439425509
missionlonglat:47.397825620791885,8.5450092830163271
end_longlat
longitude=47.397825620791895
latitude=8.5450092830163281
relative_altitude_m=1
speed_m_s=1
end_gis
