##########################################
Convolution Map
##########################################
[[0.5374298453437496,
  0.5621765008857981,
  0.5866175789173301,
  0.5866175789173301,
  0.5866175789173301,
  0.5866175789173301,
  0.5621765008857981,
  0.5374298453437496,
  0.5124973964842103,
  0.5124973964842103],
 [0.5621765008857981,
  0.610639233949222,
  0.6570104626734988,
  0.6570104626734988,
  0.6570104626734988,
  0.6570104626734988,
  0.610639233949222,
  0.5621765008857981,
  0.5124973964842103,
  0.5124973964842103],
 [0.5866175789173301,
  0.6570104626734988,
  0.7005671424739729,
  0.679178699175393,
  0.679178699175393,
  0.7005671424739729,
  0.6570104626734988,
  0.5866175789173301,
  0.5124973964842103,
  0.5124973964842103],
 [0.5866175789173301,
  0.6570104626734988,
  0.679178699175393,
  0.6341355910108007,
  0.6341355910108007,
  0.679178699175393,
  0.6570104626734988,
  0.5866175789173301,
  0.5124973964842103,
  0.5124973964842103],
 [0.5866175789173301,
  0.6570104626734988,
  0.679178699175393,
  0.6341355910108007,
  0.6341355910108007,
  0.679178699175393,
  0.6570104626734988,
  0.5866175789173301,
  0.5124973964842103,
  0.5124973964842103],
 [0.5866175789173301,
  0.6570104626734988,
  0.7005671424739729,
  0.679178699175393,
  0.679178699175393,
  0.7005671424739729,
  0.6570104626734988,
  0.5866175789173301,
  0.5124973964842103,
  0.5124973964842103],
 [0.5621765008857981,
  0.610639233949222,
  0.6570104626734988,
  0.6570104626734988,
  0.6570104626734988,
  0.6570104626734988,
  0.610639233949222,
  0.5621765008857981,
  0.5124973964842103,
  0.5124973964842103],
 [0.5374298453437496,
  0.5621765008857981,
  0.5866175789173301,
  0.5866175789173301,
  0.5866175789173301,
  0.5866175789173301,
  0.5621765008857981,
  0.5374298453437496,
  0.5124973964842103,
  0.5124973964842103],
 [0.5124973964842103,
  0.5124973964842103,
  0.5124973964842103,
  0.5124973964842103,
  0.5124973964842103,
  0.5124973964842103,
  0.5124973964842103,
  0.5124973964842103,
  0.5124973964842103,
  0.5124973964842103],
 [0.5124973964842103,
  0.5124973964842103,
  0.5124973964842103,
  0.5124973964842103,
  0.5124973964842103,
  0.5124973964842103,
  0.5124973964842103,
  0.5124973964842103,
  0.5124973964842103,
  0.5124973964842103]]
##########################################
Max Pooling Map
##########################################
[[0.610639233949222, 0.6570104626734988, 0.610639233949222, 0, 0], [0.6570104626734988, 0.6341355910108007, 0.6570104626734988, 0, 0], [0.610639233949222, 0.6570104626734988, 0.610639233949222, 0, 0], [0, 0, 0, 0, 0], [0, 0, 0, 0, 0]]
####################################################################################################
Percentage probability - Final layer that connects all neurons in max pooling map into set of 5 neurons
####################################################################################################
65.0326216939
65.162237005
65.291628285
65.4207940142
65.5497326856
