self.corpus: ['Streaming_BloomFilter.py', 'Streaming_BoyerMoore_MajorityVoting.py', 'Streaming_CountMeanMinSketch_Frequencies.py', 'Streaming_CountMinSketch_Frequencies.py', 'StreamingData.txt', 'Streaming_FacebookData.py', 'Streaming_HyperLogLogCounter.py', 'Streaming_LinkedInData.py', 'Streaming_LogLogCounter.py', 'Streaming_SocialNetworkAnalysis.py', 'Streaming_SparkMapReduceParser.py', 'Streaming_StockMarketData.py', 'Streaming_TwitterData.py', 'StringMatch.py', 'StringSearch_BinaryEncodedTimeSeries.py', 'StringSearch_LongestRepeatedSubstring.py', 'StringSearch_Pattern.txt', 'SupportVectorMachines.py', 'SupportVectorMachines.txt', 'TextCompression.py', 'texttocompress.txt', 'TranslateClusterPairwiseLCS.py', 'UnsortedSearch.py', 'WordNetPath.py', 'WordNetSearchAndVisualizer-Data-Source.txt', 'WordNetSearchAndVisualizer.py', 'WordNetSimilarity.py']
tdmatrix - DataFrame:     00012762749815356647  00039096823323773886  00047916933548516324  \
0                      0                     0                     0   
1                      0                     0                     0   
2                      0                     0                     0   
3                      0                     0                     0   
4                      0                     0                     0   
5                      0                     0                     0   
6                      0                     0                     0   
7                      0                     0                     0   
8                      0                     0                     0   
9                      0                     0                     0   
10                     0                     0                     0   
11                     0                     0                     0   
12                     0                     0                     0   
13                     0                     0                     0   
14                     0                     0                     0   
15                     0                     0                     0   
16                     0                     0                     0   
17                     0                     0                     0   
18                     1                     1                     1   
19                     0                     0                     0   
20                     0                     0                     0   
21                     0                     0                     0   
22                     0                     0                     0   
23                     0                     0                     0   
24                     0                     0                     0   
25                     0                     0                     0   
26                     0                     0                     0   

    0005954242526018582  0006454332558081153  01  02  025329227  027858345  \
0                     0                    0   0   0          0          0   
1                     0                    0   0   0          0          0   
2                     0                    0   1   0          0          0   
3                     0                    0   0   0          0          0   
4                     0                    0   0   1          1          1   
5                     0                    0   0   0          0          0   
6                     0                    0   0   0          0          0   
7                     0                    0   0   0          0          0   
8                     0                    0   0   0          0          0   
9                     0                    0   0   0          0          0   
10                    0                    0   0   0          0          0   
11                    0                    0   2   0          0          0   
12                    0                    0   0   0          0          0   
13                    0                    0   0   0          0          0   
14                    0                    0   2   0          0          0   
15                    0                    0   0   0          0          0   
16                    0                    0   0   0          0          0   
17                    0                    0   0   0          0          0   
18                    1                    1   0   0          0          0   
19                    0                    0   0   0          0          0   
20                    0                    0   0   0          0          0   
21                    0                    0   0   0          0          0   
22                    0                    0   0   0          0          0   
23                    0                    0   2   0          0          0   
24                    0                    0   0   0          0          0   
25                    0                    0   1   0          0          0   
26                    0                    0   0   0          0          0   

    05         ...           your  ystockquote  \
0    0         ...              1            0   
1    0         ...              1            0   
2    1         ...              1            0   
3    0         ...              1            0   
4    0         ...              0            0   
5    0         ...              1            0   
6    0         ...              1            0   
7    0         ...              1            0   
8    0         ...              1            0   
9    0         ...              1            0   
10   0         ...              1            0   
11   0         ...              1            3   
12   0         ...              1            0   
13   0         ...              1            0   
14   0         ...              1            2   
15   0         ...              1            0   
16   0         ...              0            0   
17   0         ...              1            0   
18   0         ...              0            0   
19   0         ...              1            0   
20   0         ...              0            0   
21   0         ...              1            0   
22   0         ...              1            0   
23   0         ...              1            0   
24   0         ...              0            0   
25   0         ...              1            0   
26   0         ...              1            0   

    z3lzxjolrtlovmm5lxwhdf4mumesg7ln4tysuim00pdcuczctb  zeroed  zip  zipf  \
0                                                   0        0    0     0   
1                                                   0        0    0     0   
2                                                   0        0    0     0   
3                                                   0        0    0     0   
4                                                   0        0    0     0   
5                                                   0        0    0     0   
6                                                   0        0    0     0   
7                                                   0        0    0     0   
8                                                   0        0    0     0   
9                                                   0        0    0     0   
10                                                  0        0    0     0   
11                                                  0        0    0     0   
12                                                  1        0    0     0   
13                                                  0        0    0     0   
14                                                  0        0    0     0   
15                                                  0        0    0     0   
16                                                  0        0    0     0   
17                                                  0        0    1     0   
18                                                  0        0    0     0   
19                                                  0        0    0     0   
20                                                  0        0    0     0   
21                                                  0        0    0     0   
22                                                  0        0    0     0   
23                                                  0        0    0     0   
24                                                  0        2    0     0   
25                                                  0        0    0     1   
26                                                  0        0    0     0   

    zodiac  zodiacaldataset  zodiacdatasoft  zxxxxxxxxxxxxxxxxxb  
0        0                0               0                    0  
1        0                0               0                    0  
2        0                0               0                    0  
3        0                0               0                    0  
4        0                0               0                    0  
5        0                0               0                    0  
6        0                0               0                    0  
7        0                0               0                    0  
8        0                0               0                    0  
9        0                0               0                    0  
10       0                0               0                    0  
11       0                0               0                    0  
12       1                0               1                    1  
13       0                0               0                    0  
14       0                0               0                    0  
15       0                0               0                    0  
16       0                0               0                    0  
17       0                0               0                    0  
18       0                0               0                    0  
19       1                0               1                    0  
20       0                0               0                    0  
21       1                2               1                    0  
22       0                0               0                    0  
23       0                0               0                    0  
24       0                0               0                    0  
25       1                0               1                    0  
26       0                0               0                    0  

[27 rows x 1619 columns]
=================================
tdmatrix - DataFrame NumPy array: [[0 0 0 ... 0 0 0]
 [0 0 0 ... 0 0 0]
 [0 0 0 ... 0 0 0]
 ...
 [0 0 0 ... 0 0 0]
 [0 0 0 ... 0 1 0]
 [0 0 0 ... 0 0 0]]
=================================
svd: (array([[-1.53464849e-01,  3.55471675e-04, -7.91384444e-02,
         1.94848284e-01, -8.48915263e-02,  1.31470639e-01,
        -3.47792688e-02,  5.39520193e-02, -2.97860833e-02,
         3.84327469e-03,  6.79163125e-02, -1.02385610e-01,
        -1.19291260e-01, -7.87688942e-01,  2.75376758e-01,
         2.63376213e-01,  9.81623377e-02, -2.40871584e-01,
        -3.28201820e-02, -1.73511860e-01,  8.80103935e-03,
         3.61596365e-03,  9.04693136e-02,  2.38284345e-02,
         1.44376193e-04,  6.74728935e-03, -8.78678426e-18],
       [-9.35991344e-02,  4.17255137e-04, -1.08283134e-01,
         4.08244998e-02, -6.04464169e-02,  8.37080787e-02,
        -2.04311394e-01,  1.83991777e-01,  1.31486541e-01,
        -1.27616696e-01, -4.68724585e-02, -8.79002778e-02,
        -4.37583739e-02, -9.76319279e-02,  6.54581250e-02,
        -2.13988655e-02, -7.49903174e-02,  4.77306478e-02,
         1.45175421e-01,  8.12007039e-01, -3.31016412e-01,
        -7.61226597e-02,  4.29706035e-02,  1.62284775e-01,
        -4.18357623e-05, -4.48238205e-03,  8.71223748e-17],
       [-2.17219411e-01, -5.43927642e-06, -1.30101130e-01,
         2.42623214e-01, -1.97218561e-01,  2.29686594e-01,
         4.76715948e-01, -8.62796893e-02,  3.04952094e-01,
         2.12962176e-03, -4.62195566e-02,  6.21019375e-02,
        -4.53910243e-03,  1.40738686e-01, -1.17955492e-01,
        -6.24393429e-02,  3.22133659e-02, -1.72819591e-03,
         6.23911981e-02, -7.42564049e-03,  9.77572056e-02,
        -1.17932405e-01,  6.11127018e-01,  1.09800035e-01,
        -3.76583869e-04,  7.15741704e-03, -6.52741908e-17],
       [-2.00624804e-01,  5.32691187e-05, -1.32237035e-01,
         2.32510673e-01, -1.92334430e-01,  2.09435637e-01,
         4.24514954e-01, -7.98379027e-02,  2.16078315e-01,
        -1.46141661e-02, -5.62562668e-02, -3.47934079e-02,
         2.20247824e-02,  5.69520407e-02,  3.59190681e-02,
         2.31381026e-02, -2.74023007e-02, -1.36984322e-02,
        -8.66728200e-03,  3.12639976e-02, -1.08286563e-01,
         1.35546950e-01, -7.16605894e-01, -1.35102246e-01,
         2.86841908e-04, -7.70003513e-03,  7.40626586e-17],
       [-7.09575402e-04,  9.99965214e-01,  6.89693826e-03,
         2.20630188e-03,  3.21326331e-04, -5.43368167e-04,
         6.67614374e-04, -3.17439711e-04,  8.65233359e-05,
        -1.08716583e-03, -1.36168924e-04, -3.71435582e-04,
         3.80391066e-04,  4.82967928e-04, -7.40756172e-05,
         5.45718386e-06,  2.46751860e-04, -2.53987618e-04,
        -4.20295885e-04, -7.45986903e-04, -3.13869246e-03,
        -1.18080075e-03,  4.03040987e-04, -8.39791472e-04,
         9.92241847e-04,  4.84312697e-06, -4.05931136e-20],
       [-1.16318576e-01,  2.33353492e-04, -8.82708137e-02,
         1.61175989e-02, -4.97239481e-02, -9.31410067e-02,
        -5.50342725e-02, -7.72806384e-02, -8.95638368e-02,
         2.16238964e-01,  3.89782897e-02, -2.35809256e-01,
         2.58575846e-01,  1.47978169e-01,  6.63724487e-02,
         1.05491415e-02,  8.58789536e-01, -4.62540451e-02,
         5.58528234e-02,  8.53063898e-02, -4.37656276e-02,
         1.20000170e-02, -9.09425477e-03,  2.97786118e-02,
        -5.59974240e-04,  1.70902271e-03, -7.09552735e-17],
       [-1.58941212e-01,  1.15706988e-04, -1.15606693e-01,
         1.81283622e-01, -1.51739718e-01,  4.82696053e-02,
         1.22914715e-02,  1.26490620e-02, -5.93911650e-01,
        -3.06101948e-01, -8.85454917e-02,  1.01498878e-01,
        -4.69198281e-02,  8.41976919e-02, -1.00009649e-01,
        -3.33193700e-02,  4.56144848e-03,  2.62751169e-02,
         2.19087769e-03, -3.40913657e-03, -1.74190193e-01,
         5.97020711e-01,  1.63481994e-01, -6.00734492e-02,
        -2.75167540e-04, -5.44181966e-03,  1.88463622e-16],
       [-8.86745798e-02,  1.61172612e-04, -7.68851574e-02,
         1.14813261e-01, -7.47768605e-02, -2.43811923e-02,
        -2.04292157e-01,  3.56723152e-02,  1.76155972e-02,
         1.82916449e-01, -7.26367286e-02, -1.93647061e-01,
        -3.67296943e-03,  2.03460229e-02, -1.87424323e-01,
        -5.96663340e-01, -1.45026631e-01, -6.15074940e-01,
         1.43617163e-03, -1.29449962e-01, -8.62794809e-02,
         1.22956289e-02, -5.15749123e-02,  1.71400549e-01,
        -1.38185247e-04,  5.87020628e-04,  8.63960229e-17],
       [-1.42930515e-01,  1.30830252e-04, -1.09598419e-01,
         1.80683288e-01, -1.53357931e-01,  4.46362356e-02,
        -1.61555831e-02,  5.10205271e-02, -5.00765371e-01,
        -2.47395599e-01, -1.64379862e-02,  7.52532402e-02,
        -2.70539363e-02,  8.12817624e-02, -5.46780654e-02,
        -9.58305880e-03,  9.69069851e-03,  1.43589035e-03,
         3.21767508e-02,  1.80031971e-03,  2.19472520e-01,
        -7.02599148e-01, -1.69816830e-01,  7.97870347e-02,
         1.15238973e-04,  7.83790573e-03, -2.32563611e-16],
       [-1.48948338e-01,  6.92263833e-05, -8.11045043e-02,
         7.59198262e-02, -1.25151079e-01, -8.17306777e-02,
        -6.91173880e-02, -4.34985675e-02, -1.13521120e-01,
         1.77339190e-01, -1.63457381e-03, -3.72545043e-01,
         3.47893444e-01,  2.77126166e-01,  5.79238593e-01,
         1.53558803e-01, -4.05099763e-01,  5.02857414e-02,
         7.12141749e-02, -1.02308109e-01, -3.57769519e-02,
        -5.99573407e-03,  1.12547593e-01,  1.55924956e-02,
        -2.79868040e-04, -2.54518791e-03,  9.62777325e-17],
       [-1.15566682e-01,  9.98574707e-05, -7.80058361e-02,
         1.13158955e-01, -7.18965555e-02, -2.02069571e-03,
        -1.00947634e-01,  2.92755032e-02,  1.51098779e-02,
         1.27815712e-01, -5.53411354e-02, -1.33084883e-01,
        -6.75647360e-03, -1.00432237e-01, -4.03698771e-02,
        -2.28993030e-01, -1.79071370e-03,  4.37816738e-01,
        -8.04287181e-01, -3.57264058e-03, -4.31897322e-02,
        -3.28792950e-02,  1.88952465e-02,  9.00262286e-02,
        -2.55635021e-04, -3.00483901e-03, -6.45035122e-17],
       [-1.08811134e-01,  8.42643059e-05, -6.78355566e-02,
         1.38436914e-01, -3.73914551e-02,  2.44772859e-02,
        -2.07632172e-01,  1.21944513e-01,  2.93725623e-02,
         3.83987405e-01, -2.04717871e-01,  7.66934076e-01,
         9.26237222e-02,  9.89175938e-02,  1.96390443e-01,
         9.21019738e-02,  3.35685994e-02, -9.16636176e-02,
        -6.29698487e-02, -4.94315376e-02, -2.04295956e-01,
        -5.25369896e-02, -6.05094332e-03, -1.08421162e-02,
         1.72876340e-03, -8.88518365e-04, -1.22940668e-17],
       [-1.01143173e-01,  1.80454446e-04, -8.11794141e-02,
         9.52906452e-02, -7.31879299e-02, -3.54227366e-02,
        -1.70575666e-01,  2.56257077e-02,  6.82739128e-04,
         2.57191197e-01, -6.00860083e-02, -1.85387558e-01,
         1.46923177e-01,  2.31889595e-02, -6.60460758e-01,
         5.79157739e-01, -1.61135916e-01, -4.01942868e-02,
        -7.94591778e-03, -3.93263547e-02, -9.74910443e-02,
        -1.99256410e-02, -8.43973963e-03,  2.62638201e-02,
        -1.37001543e-04, -3.29322074e-04,  4.68849311e-17],
       [-8.84023294e-02,  6.80857514e-05, -6.53539215e-02,
         1.32406627e-01, -7.08911168e-02, -4.69720598e-02,
        -2.44784961e-01, -1.06454664e-01,  1.34060165e-01,
        -9.68951134e-03,  2.54091880e-01, -8.15329448e-02,
        -7.52905950e-01,  3.74886125e-01,  1.37306576e-01,
         2.08856654e-01,  8.01171317e-02, -7.22859640e-02,
        -6.84870371e-02, -9.31577470e-02, -5.93711287e-02,
         1.28709768e-02, -8.54273548e-03,  6.29588319e-02,
         1.18256272e-06, -6.64894454e-04, -3.47756629e-17],
       [-8.85614443e-02,  3.83700797e-03, -5.63240478e-02,
         1.28769704e-01, -6.90281311e-02,  1.75798619e-02,
        -1.83872325e-01,  8.95997557e-02,  4.14295636e-02,
         1.76685166e-01, -1.92844100e-02,  7.37330622e-02,
        -1.37948608e-02, -1.25278611e-02,  4.38520300e-03,
        -1.12807636e-02, -3.51998342e-02,  9.14712499e-02,
         1.08078341e-01,  2.16260253e-01,  8.06838519e-01,
         3.13651538e-01, -1.12527991e-01,  2.36952835e-01,
        -1.68567088e-03, -2.76169488e-03,  2.60033650e-17],
       [-1.38652833e-01,  7.64656244e-04, -1.69136579e-01,
        -8.31644397e-02, -2.68996014e-03,  1.07224694e-01,
        -3.14483094e-01,  4.00980299e-01,  3.77801720e-01,
        -5.68147562e-01, -1.48271337e-01, -1.55002886e-02,
         2.27907180e-01,  1.42307101e-01,  1.88284307e-02,
         7.21738028e-02,  1.16060040e-01, -3.51643875e-02,
        -5.74291655e-02, -2.92125648e-01,  6.12697290e-02,
         3.37103708e-02, -1.27011446e-02, -1.26666969e-02,
        -4.08231283e-04,  9.17236098e-04, -1.22071144e-18],
       [ 0.00000000e+00, -1.27479922e-27, -1.23062301e-28,
        -3.71585041e-26, -2.89513214e-24, -2.64697796e-23,
        -1.69406589e-21,  0.00000000e+00,  0.00000000e+00,
         0.00000000e+00,  3.46944695e-18,  0.00000000e+00,
         0.00000000e+00,  0.00000000e+00,  8.32667268e-17,
         0.00000000e+00,  2.77555756e-17,  5.55111512e-17,
        -9.71445147e-17,  0.00000000e+00,  1.52655666e-16,
        -1.57859836e-16,  2.08166817e-17, -1.38777878e-16,
        -2.37223435e-16,  1.49186219e-15,  1.00000000e+00],
       [-3.10537547e-01,  2.64083672e-03, -3.41689352e-01,
        -3.43322275e-01, -1.92074048e-01, -7.24636895e-01,
         2.21865639e-01,  1.22011810e-01,  5.23615077e-02,
        -9.94067178e-03,  3.12871120e-02,  9.96734746e-02,
        -9.50137498e-02, -1.18436818e-01, -2.63395084e-02,
        -2.43319191e-02, -5.10831102e-02, -1.14701396e-03,
         2.44978459e-02,  1.44277303e-02,  1.95460831e-02,
         4.61793119e-04, -4.37500483e-03, -3.03226215e-02,
         6.14841805e-04, -2.57463885e-04, -7.08844118e-18],
       [-3.36930768e-05,  9.87767026e-04, -1.26358701e-04,
        -2.24243142e-04, -6.45180374e-05, -2.94088493e-04,
         1.00469068e-04,  1.73583488e-04, -4.67628327e-06,
         5.45612759e-04, -8.39009992e-05,  1.44971614e-03,
        -2.91580905e-04, -2.48305418e-04,  2.91691088e-04,
         6.33881987e-05, -3.09157594e-04, -3.37020082e-04,
        -8.57431197e-05, -2.38888416e-04, -1.47555702e-03,
        -8.57758622e-04, -1.99373448e-04, -1.52580871e-03,
        -9.99995314e-01, -3.66284314e-05, -1.99333185e-17],
       [-3.29767405e-01, -7.00769958e-04, -8.35398672e-02,
         2.95877807e-01,  8.57294803e-01, -1.35425666e-01,
         1.36035506e-01,  1.20921131e-01, -3.81515299e-02,
         8.09188955e-03, -4.19165778e-02, -5.47983656e-02,
        -3.82443782e-02,  3.74232033e-02,  3.55800982e-03,
        -9.79677408e-05, -2.11141568e-02, -8.03904518e-04,
         1.51565932e-02,  1.94392381e-02,  4.47964003e-03,
        -7.05599926e-03, -2.18580672e-03, -4.74288963e-03,
        -8.66476657e-05, -6.65070936e-04,  5.51127436e-19],
       [-9.97086437e-04,  2.37332903e-07, -4.22783313e-04,
         4.78175071e-04, -6.06158926e-04,  2.30275897e-03,
         5.30994853e-04,  1.30377231e-03, -7.74440196e-04,
        -5.91352341e-04,  7.13757452e-03,  1.14297328e-03,
         7.09799302e-04, -4.24419248e-03, -1.52684298e-03,
         1.77997062e-06,  3.58522473e-03, -4.36716202e-03,
         1.46388618e-03, -4.49290197e-03,  4.64338052e-03,
        -1.10390703e-02,  8.65383232e-03, -3.60486224e-03,
         4.50876941e-05, -9.99815650e-01,  1.44480173e-15],
       [-1.70432313e-01,  8.52070419e-05, -1.03870891e-01,
         8.39320694e-02,  6.67771196e-02, -1.28059889e-01,
        -3.02425547e-01, -8.20037205e-01,  1.58966421e-01,
        -2.61451421e-01, -2.30917623e-02,  1.46592755e-01,
         1.77146712e-01, -1.12293540e-01, -3.72588849e-02,
        -3.81520313e-02, -4.74711849e-02,  2.73361304e-02,
         2.54776795e-02,  3.51104962e-02,  1.93473271e-02,
        -1.72177591e-02, -8.45429371e-03, -1.51130534e-02,
        -9.93570123e-05, -7.66675126e-04,  8.26872379e-18],
       [-2.87705522e-01,  4.28343692e-03, -3.74612051e-01,
        -6.26992925e-01,  1.64132021e-01,  5.29073233e-01,
        -3.05671940e-02, -1.12262654e-01, -1.40545344e-01,
         1.69429195e-01,  7.02344729e-02,  7.43425979e-05,
        -7.75294366e-02,  1.28015866e-02, -1.09863293e-02,
        -2.00993201e-02, -4.54461700e-02,  2.13740827e-03,
        -3.70515655e-03, -1.47450347e-02,  2.74641279e-02,
        -2.38592957e-03, -3.62473581e-03, -1.37698718e-02,
         1.15747958e-04,  1.58008087e-03, -1.12476860e-17],
       [-9.40200458e-02, -4.15922661e-05, -3.97378939e-02,
         1.11422609e-01, -6.06220281e-02,  2.67562522e-02,
        -1.73838653e-01,  6.90732464e-02,  5.05033456e-02,
         1.52165832e-01, -5.37723856e-02, -6.17264361e-02,
        -1.26896500e-01, -1.55997149e-01, -9.03423158e-02,
        -2.65361216e-01,  1.96720025e-02,  5.80795611e-01,
         5.39722329e-01, -3.31546186e-01, -1.91356118e-01,
        -3.17420353e-02, -5.25700227e-02,  8.38945575e-02,
         2.73068951e-05, -1.09594159e-03,  4.23139391e-17],
       [-7.65218748e-02, -1.39806776e-04, -2.36654419e-02,
         1.20761029e-01, -1.00985478e-02,  3.70824838e-02,
        -3.95366544e-02,  1.26193618e-01,  2.31362342e-02,
        -2.11917247e-02,  9.08932083e-01,  1.77471232e-01,
         2.73546677e-01, -1.36173529e-03, -9.04157889e-02,
        -9.03551594e-02, -6.29639831e-02,  2.94668231e-02,
        -7.70582129e-03, -5.49231661e-03, -6.18457503e-02,
         3.48454246e-02, -1.41269671e-02,  5.41794145e-03,
         1.11054799e-04,  6.24846729e-03,  2.71615100e-17],
       [-6.20106227e-01, -5.19259236e-03,  7.53937770e-01,
        -1.82434164e-01, -9.82767292e-02,  1.97526789e-02,
        -2.93683923e-02,  1.96239992e-02,  3.19266281e-03,
        -1.96444721e-02, -1.29915806e-02,  6.20490369e-03,
        -1.56125010e-02,  8.09760897e-03, -2.22549877e-02,
        -4.55793910e-03,  3.79536206e-03, -1.83189111e-02,
        -9.30818913e-03,  2.01168505e-02,  7.84295838e-06,
        -3.77152503e-03, -9.05691172e-03, -8.62853972e-03,
        -2.33128141e-05,  2.23426482e-04, -4.17603221e-18],
       [-6.66663149e-02,  9.51482106e-05, -5.61326193e-02,
         1.21575895e-01, -6.76684869e-02,  2.65197225e-02,
        -1.78395867e-01,  7.30218757e-02,  3.98869252e-02,
         1.07976241e-01, -2.94333662e-03, -8.05954675e-02,
        -6.51408696e-02, -1.33258942e-02, -4.41934375e-02,
        -1.35961631e-01, -1.42727804e-02,  1.94219127e-03,
         3.36002662e-02,  1.33369963e-01,  1.62904514e-01,
        -6.97935551e-02,  1.24114005e-01, -9.08076701e-01,
         1.06553748e-03,  5.38638158e-03, -2.10279914e-16]]), array([174.41733061, 100.70879528,  91.50378473,  71.77293125,
        62.84023077,  55.43678722,  46.0561942 ,  38.1089054 ,
        34.68753014,  31.09563858,  29.70355936,  25.94263565,
        24.41109607,  22.21674532,  21.48208214,  19.44349681,
        19.23289353,  16.99951917,  16.25445559,  13.7143549 ,
        11.11839952,   9.25851583,   9.01124786,   8.38931821,
         2.99783311,   1.68980137,   1.        ]), array([[-1.93175052e-07, -1.93175051e-07, -1.93175051e-07, ...,
        -1.95430480e-03, -7.00302610e-03, -5.79891763e-04],
       [ 9.80815055e-06,  9.80815055e-06,  9.80815055e-06, ...,
         1.69214698e-06, -5.58809269e-05,  1.79184395e-06],
       [-1.38091230e-06, -1.38091230e-06, -1.38091230e-06, ...,
        -2.27030807e-03,  5.30412593e-03, -8.87170016e-04],
       ...,
       [ 5.24871661e-04,  4.66166843e-04,  4.46860051e-04, ...,
         9.96998933e-01, -1.17105533e-03,  1.39891341e-04],
       [-1.69766337e-03, -1.42488117e-03, -2.14973463e-03, ...,
        -1.16923865e-03,  9.97084830e-01, -2.13771310e-03],
       [-2.11174175e-03, -1.78761639e-03, -1.75208809e-03, ...,
         1.38218929e-04, -2.13790053e-03,  9.97792275e-01]]))
documents: [[-1.53464849e-01  3.55471675e-04 -7.91384444e-02  1.94848284e-01
  -8.48915263e-02  1.31470639e-01 -3.47792688e-02  5.39520193e-02
  -2.97860833e-02  3.84327469e-03  6.79163125e-02 -1.02385610e-01
  -1.19291260e-01 -7.87688942e-01  2.75376758e-01  2.63376213e-01
   9.81623377e-02 -2.40871584e-01 -3.28201820e-02 -1.73511860e-01
   8.80103935e-03  3.61596365e-03  9.04693136e-02  2.38284345e-02
   1.44376193e-04  6.74728935e-03 -8.78678426e-18]
 [-9.35991344e-02  4.17255137e-04 -1.08283134e-01  4.08244998e-02
  -6.04464169e-02  8.37080787e-02 -2.04311394e-01  1.83991777e-01
   1.31486541e-01 -1.27616696e-01 -4.68724585e-02 -8.79002778e-02
  -4.37583739e-02 -9.76319279e-02  6.54581250e-02 -2.13988655e-02
  -7.49903174e-02  4.77306478e-02  1.45175421e-01  8.12007039e-01
  -3.31016412e-01 -7.61226597e-02  4.29706035e-02  1.62284775e-01
  -4.18357623e-05 -4.48238205e-03  8.71223748e-17]
 [-2.17219411e-01 -5.43927642e-06 -1.30101130e-01  2.42623214e-01
  -1.97218561e-01  2.29686594e-01  4.76715948e-01 -8.62796893e-02
   3.04952094e-01  2.12962176e-03 -4.62195566e-02  6.21019375e-02
  -4.53910243e-03  1.40738686e-01 -1.17955492e-01 -6.24393429e-02
   3.22133659e-02 -1.72819591e-03  6.23911981e-02 -7.42564049e-03
   9.77572056e-02 -1.17932405e-01  6.11127018e-01  1.09800035e-01
  -3.76583869e-04  7.15741704e-03 -6.52741908e-17]
 [-2.00624804e-01  5.32691187e-05 -1.32237035e-01  2.32510673e-01
  -1.92334430e-01  2.09435637e-01  4.24514954e-01 -7.98379027e-02
   2.16078315e-01 -1.46141661e-02 -5.62562668e-02 -3.47934079e-02
   2.20247824e-02  5.69520407e-02  3.59190681e-02  2.31381026e-02
  -2.74023007e-02 -1.36984322e-02 -8.66728200e-03  3.12639976e-02
  -1.08286563e-01  1.35546950e-01 -7.16605894e-01 -1.35102246e-01
   2.86841908e-04 -7.70003513e-03  7.40626586e-17]
 [-7.09575402e-04  9.99965214e-01  6.89693826e-03  2.20630188e-03
   3.21326331e-04 -5.43368167e-04  6.67614374e-04 -3.17439711e-04
   8.65233359e-05 -1.08716583e-03 -1.36168924e-04 -3.71435582e-04
   3.80391066e-04  4.82967928e-04 -7.40756172e-05  5.45718386e-06
   2.46751860e-04 -2.53987618e-04 -4.20295885e-04 -7.45986903e-04
  -3.13869246e-03 -1.18080075e-03  4.03040987e-04 -8.39791472e-04
   9.92241847e-04  4.84312697e-06 -4.05931136e-20]
 [-1.16318576e-01  2.33353492e-04 -8.82708137e-02  1.61175989e-02
  -4.97239481e-02 -9.31410067e-02 -5.50342725e-02 -7.72806384e-02
  -8.95638368e-02  2.16238964e-01  3.89782897e-02 -2.35809256e-01
   2.58575846e-01  1.47978169e-01  6.63724487e-02  1.05491415e-02
   8.58789536e-01 -4.62540451e-02  5.58528234e-02  8.53063898e-02
  -4.37656276e-02  1.20000170e-02 -9.09425477e-03  2.97786118e-02
  -5.59974240e-04  1.70902271e-03 -7.09552735e-17]
 [-1.58941212e-01  1.15706988e-04 -1.15606693e-01  1.81283622e-01
  -1.51739718e-01  4.82696053e-02  1.22914715e-02  1.26490620e-02
  -5.93911650e-01 -3.06101948e-01 -8.85454917e-02  1.01498878e-01
  -4.69198281e-02  8.41976919e-02 -1.00009649e-01 -3.33193700e-02
   4.56144848e-03  2.62751169e-02  2.19087769e-03 -3.40913657e-03
  -1.74190193e-01  5.97020711e-01  1.63481994e-01 -6.00734492e-02
  -2.75167540e-04 -5.44181966e-03  1.88463622e-16]
 [-8.86745798e-02  1.61172612e-04 -7.68851574e-02  1.14813261e-01
  -7.47768605e-02 -2.43811923e-02 -2.04292157e-01  3.56723152e-02
   1.76155972e-02  1.82916449e-01 -7.26367286e-02 -1.93647061e-01
  -3.67296943e-03  2.03460229e-02 -1.87424323e-01 -5.96663340e-01
  -1.45026631e-01 -6.15074940e-01  1.43617163e-03 -1.29449962e-01
  -8.62794809e-02  1.22956289e-02 -5.15749123e-02  1.71400549e-01
  -1.38185247e-04  5.87020628e-04  8.63960229e-17]
 [-1.42930515e-01  1.30830252e-04 -1.09598419e-01  1.80683288e-01
  -1.53357931e-01  4.46362356e-02 -1.61555831e-02  5.10205271e-02
  -5.00765371e-01 -2.47395599e-01 -1.64379862e-02  7.52532402e-02
  -2.70539363e-02  8.12817624e-02 -5.46780654e-02 -9.58305880e-03
   9.69069851e-03  1.43589035e-03  3.21767508e-02  1.80031971e-03
   2.19472520e-01 -7.02599148e-01 -1.69816830e-01  7.97870347e-02
   1.15238973e-04  7.83790573e-03 -2.32563611e-16]
 [-1.48948338e-01  6.92263833e-05 -8.11045043e-02  7.59198262e-02
  -1.25151079e-01 -8.17306777e-02 -6.91173880e-02 -4.34985675e-02
  -1.13521120e-01  1.77339190e-01 -1.63457381e-03 -3.72545043e-01
   3.47893444e-01  2.77126166e-01  5.79238593e-01  1.53558803e-01
  -4.05099763e-01  5.02857414e-02  7.12141749e-02 -1.02308109e-01
  -3.57769519e-02 -5.99573407e-03  1.12547593e-01  1.55924956e-02
  -2.79868040e-04 -2.54518791e-03  9.62777325e-17]
 [-1.15566682e-01  9.98574707e-05 -7.80058361e-02  1.13158955e-01
  -7.18965555e-02 -2.02069571e-03 -1.00947634e-01  2.92755032e-02
   1.51098779e-02  1.27815712e-01 -5.53411354e-02 -1.33084883e-01
  -6.75647360e-03 -1.00432237e-01 -4.03698771e-02 -2.28993030e-01
  -1.79071370e-03  4.37816738e-01 -8.04287181e-01 -3.57264058e-03
  -4.31897322e-02 -3.28792950e-02  1.88952465e-02  9.00262286e-02
  -2.55635021e-04 -3.00483901e-03 -6.45035122e-17]
 [-1.08811134e-01  8.42643059e-05 -6.78355566e-02  1.38436914e-01
  -3.73914551e-02  2.44772859e-02 -2.07632172e-01  1.21944513e-01
   2.93725623e-02  3.83987405e-01 -2.04717871e-01  7.66934076e-01
   9.26237222e-02  9.89175938e-02  1.96390443e-01  9.21019738e-02
   3.35685994e-02 -9.16636176e-02 -6.29698487e-02 -4.94315376e-02
  -2.04295956e-01 -5.25369896e-02 -6.05094332e-03 -1.08421162e-02
   1.72876340e-03 -8.88518365e-04 -1.22940668e-17]
 [-1.01143173e-01  1.80454446e-04 -8.11794141e-02  9.52906452e-02
  -7.31879299e-02 -3.54227366e-02 -1.70575666e-01  2.56257077e-02
   6.82739128e-04  2.57191197e-01 -6.00860083e-02 -1.85387558e-01
   1.46923177e-01  2.31889595e-02 -6.60460758e-01  5.79157739e-01
  -1.61135916e-01 -4.01942868e-02 -7.94591778e-03 -3.93263547e-02
  -9.74910443e-02 -1.99256410e-02 -8.43973963e-03  2.62638201e-02
  -1.37001543e-04 -3.29322074e-04  4.68849311e-17]
 [-8.84023294e-02  6.80857514e-05 -6.53539215e-02  1.32406627e-01
  -7.08911168e-02 -4.69720598e-02 -2.44784961e-01 -1.06454664e-01
   1.34060165e-01 -9.68951134e-03  2.54091880e-01 -8.15329448e-02
  -7.52905950e-01  3.74886125e-01  1.37306576e-01  2.08856654e-01
   8.01171317e-02 -7.22859640e-02 -6.84870371e-02 -9.31577470e-02
  -5.93711287e-02  1.28709768e-02 -8.54273548e-03  6.29588319e-02
   1.18256272e-06 -6.64894454e-04 -3.47756629e-17]
 [-8.85614443e-02  3.83700797e-03 -5.63240478e-02  1.28769704e-01
  -6.90281311e-02  1.75798619e-02 -1.83872325e-01  8.95997557e-02
   4.14295636e-02  1.76685166e-01 -1.92844100e-02  7.37330622e-02
  -1.37948608e-02 -1.25278611e-02  4.38520300e-03 -1.12807636e-02
  -3.51998342e-02  9.14712499e-02  1.08078341e-01  2.16260253e-01
   8.06838519e-01  3.13651538e-01 -1.12527991e-01  2.36952835e-01
  -1.68567088e-03 -2.76169488e-03  2.60033650e-17]
 [-1.38652833e-01  7.64656244e-04 -1.69136579e-01 -8.31644397e-02
  -2.68996014e-03  1.07224694e-01 -3.14483094e-01  4.00980299e-01
   3.77801720e-01 -5.68147562e-01 -1.48271337e-01 -1.55002886e-02
   2.27907180e-01  1.42307101e-01  1.88284307e-02  7.21738028e-02
   1.16060040e-01 -3.51643875e-02 -5.74291655e-02 -2.92125648e-01
   6.12697290e-02  3.37103708e-02 -1.27011446e-02 -1.26666969e-02
  -4.08231283e-04  9.17236098e-04 -1.22071144e-18]
 [ 0.00000000e+00 -1.27479922e-27 -1.23062301e-28 -3.71585041e-26
  -2.89513214e-24 -2.64697796e-23 -1.69406589e-21  0.00000000e+00
   0.00000000e+00  0.00000000e+00  3.46944695e-18  0.00000000e+00
   0.00000000e+00  0.00000000e+00  8.32667268e-17  0.00000000e+00
   2.77555756e-17  5.55111512e-17 -9.71445147e-17  0.00000000e+00
   1.52655666e-16 -1.57859836e-16  2.08166817e-17 -1.38777878e-16
  -2.37223435e-16  1.49186219e-15  1.00000000e+00]
 [-3.10537547e-01  2.64083672e-03 -3.41689352e-01 -3.43322275e-01
  -1.92074048e-01 -7.24636895e-01  2.21865639e-01  1.22011810e-01
   5.23615077e-02 -9.94067178e-03  3.12871120e-02  9.96734746e-02
  -9.50137498e-02 -1.18436818e-01 -2.63395084e-02 -2.43319191e-02
  -5.10831102e-02 -1.14701396e-03  2.44978459e-02  1.44277303e-02
   1.95460831e-02  4.61793119e-04 -4.37500483e-03 -3.03226215e-02
   6.14841805e-04 -2.57463885e-04 -7.08844118e-18]
 [-3.36930768e-05  9.87767026e-04 -1.26358701e-04 -2.24243142e-04
  -6.45180374e-05 -2.94088493e-04  1.00469068e-04  1.73583488e-04
  -4.67628327e-06  5.45612759e-04 -8.39009992e-05  1.44971614e-03
  -2.91580905e-04 -2.48305418e-04  2.91691088e-04  6.33881987e-05
  -3.09157594e-04 -3.37020082e-04 -8.57431197e-05 -2.38888416e-04
  -1.47555702e-03 -8.57758622e-04 -1.99373448e-04 -1.52580871e-03
  -9.99995314e-01 -3.66284314e-05 -1.99333185e-17]
 [-3.29767405e-01 -7.00769958e-04 -8.35398672e-02  2.95877807e-01
   8.57294803e-01 -1.35425666e-01  1.36035506e-01  1.20921131e-01
  -3.81515299e-02  8.09188955e-03 -4.19165778e-02 -5.47983656e-02
  -3.82443782e-02  3.74232033e-02  3.55800982e-03 -9.79677408e-05
  -2.11141568e-02 -8.03904518e-04  1.51565932e-02  1.94392381e-02
   4.47964003e-03 -7.05599926e-03 -2.18580672e-03 -4.74288963e-03
  -8.66476657e-05 -6.65070936e-04  5.51127436e-19]
 [-9.97086437e-04  2.37332903e-07 -4.22783313e-04  4.78175071e-04
  -6.06158926e-04  2.30275897e-03  5.30994853e-04  1.30377231e-03
  -7.74440196e-04 -5.91352341e-04  7.13757452e-03  1.14297328e-03
   7.09799302e-04 -4.24419248e-03 -1.52684298e-03  1.77997062e-06
   3.58522473e-03 -4.36716202e-03  1.46388618e-03 -4.49290197e-03
   4.64338052e-03 -1.10390703e-02  8.65383232e-03 -3.60486224e-03
   4.50876941e-05 -9.99815650e-01  1.44480173e-15]
 [-1.70432313e-01  8.52070419e-05 -1.03870891e-01  8.39320694e-02
   6.67771196e-02 -1.28059889e-01 -3.02425547e-01 -8.20037205e-01
   1.58966421e-01 -2.61451421e-01 -2.30917623e-02  1.46592755e-01
   1.77146712e-01 -1.12293540e-01 -3.72588849e-02 -3.81520313e-02
  -4.74711849e-02  2.73361304e-02  2.54776795e-02  3.51104962e-02
   1.93473271e-02 -1.72177591e-02 -8.45429371e-03 -1.51130534e-02
  -9.93570123e-05 -7.66675126e-04  8.26872379e-18]
 [-2.87705522e-01  4.28343692e-03 -3.74612051e-01 -6.26992925e-01
   1.64132021e-01  5.29073233e-01 -3.05671940e-02 -1.12262654e-01
  -1.40545344e-01  1.69429195e-01  7.02344729e-02  7.43425979e-05
  -7.75294366e-02  1.28015866e-02 -1.09863293e-02 -2.00993201e-02
  -4.54461700e-02  2.13740827e-03 -3.70515655e-03 -1.47450347e-02
   2.74641279e-02 -2.38592957e-03 -3.62473581e-03 -1.37698718e-02
   1.15747958e-04  1.58008087e-03 -1.12476860e-17]
 [-9.40200458e-02 -4.15922661e-05 -3.97378939e-02  1.11422609e-01
  -6.06220281e-02  2.67562522e-02 -1.73838653e-01  6.90732464e-02
   5.05033456e-02  1.52165832e-01 -5.37723856e-02 -6.17264361e-02
  -1.26896500e-01 -1.55997149e-01 -9.03423158e-02 -2.65361216e-01
   1.96720025e-02  5.80795611e-01  5.39722329e-01 -3.31546186e-01
  -1.91356118e-01 -3.17420353e-02 -5.25700227e-02  8.38945575e-02
   2.73068951e-05 -1.09594159e-03  4.23139391e-17]
 [-7.65218748e-02 -1.39806776e-04 -2.36654419e-02  1.20761029e-01
  -1.00985478e-02  3.70824838e-02 -3.95366544e-02  1.26193618e-01
   2.31362342e-02 -2.11917247e-02  9.08932083e-01  1.77471232e-01
   2.73546677e-01 -1.36173529e-03 -9.04157889e-02 -9.03551594e-02
  -6.29639831e-02  2.94668231e-02 -7.70582129e-03 -5.49231661e-03
  -6.18457503e-02  3.48454246e-02 -1.41269671e-02  5.41794145e-03
   1.11054799e-04  6.24846729e-03  2.71615100e-17]
 [-6.20106227e-01 -5.19259236e-03  7.53937770e-01 -1.82434164e-01
  -9.82767292e-02  1.97526789e-02 -2.93683923e-02  1.96239992e-02
   3.19266281e-03 -1.96444721e-02 -1.29915806e-02  6.20490369e-03
  -1.56125010e-02  8.09760897e-03 -2.22549877e-02 -4.55793910e-03
   3.79536206e-03 -1.83189111e-02 -9.30818913e-03  2.01168505e-02
   7.84295838e-06 -3.77152503e-03 -9.05691172e-03 -8.62853972e-03
  -2.33128141e-05  2.23426482e-04 -4.17603221e-18]
 [-6.66663149e-02  9.51482106e-05 -5.61326193e-02  1.21575895e-01
  -6.76684869e-02  2.65197225e-02 -1.78395867e-01  7.30218757e-02
   3.98869252e-02  1.07976241e-01 -2.94333662e-03 -8.05954675e-02
  -6.51408696e-02 -1.33258942e-02 -4.41934375e-02 -1.35961631e-01
  -1.42727804e-02  1.94219127e-03  3.36002662e-02  1.33369963e-01
   1.62904514e-01 -6.97935551e-02  1.24114005e-01 -9.08076701e-01
   1.06553748e-03  5.38638158e-03 -2.10279914e-16]]
Similarity of Documents [ Streaming_BloomFilter.py ] and [ Streaming_BloomFilter.py ] : 1.0
Similarity of Documents [ Streaming_BloomFilter.py ] and [ Streaming_BoyerMoore_MajorityVoting.py ] : 2.22264833491e-16
Similarity of Documents [ Streaming_BloomFilter.py ] and [ Streaming_CountMeanMinSketch_Frequencies.py ] : -8.72986036758e-17
Similarity of Documents [ Streaming_BloomFilter.py ] and [ Streaming_CountMinSketch_Frequencies.py ] : 2.08390433815e-16
Similarity of Documents [ Streaming_BloomFilter.py ] and [ StreamingData.txt ] : -6.18470106163e-17
Similarity of Documents [ Streaming_BloomFilter.py ] and [ Streaming_FacebookData.py ] : -6.68884977788e-17
Similarity of Documents [ Streaming_BloomFilter.py ] and [ Streaming_HyperLogLogCounter.py ] : -2.74506437546e-17
Similarity of Documents [ Streaming_BloomFilter.py ] and [ Streaming_LinkedInData.py ] : 1.99878599728e-16
Similarity of Documents [ Streaming_BloomFilter.py ] and [ Streaming_LogLogCounter.py ] : 1.10764804447e-16
Similarity of Documents [ Streaming_BloomFilter.py ] and [ Streaming_SocialNetworkAnalysis.py ] : 3.59582426768e-17
Similarity of Documents [ Streaming_BloomFilter.py ] and [ Streaming_SparkMapReduceParser.py ] : 1.72520282565e-16
Similarity of Documents [ Streaming_BloomFilter.py ] and [ Streaming_StockMarketData.py ] : 1.27876564047e-16
Similarity of Documents [ Streaming_BloomFilter.py ] and [ Streaming_TwitterData.py ] : 1.40702760451e-16
Similarity of Documents [ Streaming_BloomFilter.py ] and [ StringMatch.py ] : 1.92351864959e-16
