*** Introductory Examples for the NLTK Book ***
Loading text1, ..., text9 and sent1, ..., sent9
Type the name of the text or sentence to view it.
Type: 'texts()' or 'sents()' to list the materials.
text1: Moby Dick by Herman Melville 1851
text2: Sense and Sensibility by Jane Austen 1811
text3: The Book of Genesis
text4: Inaugural Address Corpus
text5: Chat Corpus
text6: Monty Python and the Holy Grail
text7: Wall Street Journal
text8: Personals Corpus
text9: The Man Who Was Thursday by G . K . Chesterton 1908
5  day Gaussian Ensemble Forecast:
-------------------------------------
gaussian_ensemble_forecast_rainfall_timeseries(): candidate rainfall timeseries forecast partition =  [1, 1, 1, 1, 1, 1, 1, 1, 1, 1]
gaussian_ensemble_forecast_rainfall_timeseries(): length of candidate rainfall timeseries forecast partition =  10
gaussian_ensemble_forecast_rainfall_timeseries(): candidate rainfall timeseries forecast partition =  [2, 1, 1, 1, 1, 1, 1, 1, 1]
gaussian_ensemble_forecast_rainfall_timeseries(): length of candidate rainfall timeseries forecast partition =  9
gaussian_ensemble_forecast_rainfall_timeseries(): candidate rainfall timeseries forecast partition =  [2, 2, 1, 1, 1, 1, 1, 1]
gaussian_ensemble_forecast_rainfall_timeseries(): length of candidate rainfall timeseries forecast partition =  8
gaussian_ensemble_forecast_rainfall_timeseries(): candidate rainfall timeseries forecast partition =  [2, 2, 2, 1, 1, 1, 1]
gaussian_ensemble_forecast_rainfall_timeseries(): length of candidate rainfall timeseries forecast partition =  7
gaussian_ensemble_forecast_rainfall_timeseries(): candidate rainfall timeseries forecast partition =  [2, 2, 2, 2, 1, 1]
gaussian_ensemble_forecast_rainfall_timeseries(): length of candidate rainfall timeseries forecast partition =  6
gaussian_ensemble_forecast_rainfall_timeseries(): candidate rainfall timeseries forecast partition =  [2, 2, 2, 2, 2]
gaussian_ensemble_forecast_rainfall_timeseries(): length of candidate rainfall timeseries forecast partition =  5
climate_analytics(): precipitation_timeseries_2D =  [(0, 2), (1, 1), (2, 3), (3, 1), (4, 4), (5, 2), (6, 1), (7, 8), (8, 21), (9, 10), (10, 6), (11, 4), (12, 8), (13, 16), (14, 9), (15, 14), (16, 8), (17, 6), (18, 10), (19, 16), (20, 5), (21, 2), (22, 1), (23, 1), (24, 1), (25, 1), (26, 3), (27, 4), (28, 2), (29, 4), (30, 14), (31, 18), (32, 10), (33, 10), (34, 5), (35, 8), (36, 2), (37, 4)]
climate_analytics(): N-Body conjunction to be searched pairwise: Mercury-Jupiter
__init__():timescale now: <Time tt=2459926.8581823856>
Angular separation of Mercury-Jupiter on 2022-12-13 17:30:00.000: [39d39m37.47576112s]
datetoks: ['2022', '12', '13']
timetoks: ['17', '30', '00.000']
extreme_weather_events_n_body_analytics(): datesofEWEs =  [('2022', '12', '13', '17', '30', '00.000')]
extreme_weather_events_n_body_analytics(): date: ('2022', '12', '13', '17', '30', '00.000')
datesofEWEs: [('2022', '12', '13', '17', '30', '00.000')]
extreme_weather_events_n_body_analytics(): Horizons Ephemeris query object for date (body : 10 ) =  targetname datetime_jd ...        range               range_rate      
   ---          d      ...          AU                  AU / d        
---------- ----------- ... -------------------- ----------------------
  Sun (10)   2459926.5 ... 0.009077031072445877 -9.575693898558963e-07
#################################################################
extreme_weather_events_n_body_analytics(): Horizons Ephemeris query object for date (body : 301 ) =  targetname datetime_jd ...       range              range_rate      
   ---          d      ...         AU                 AU / d        
---------- ----------- ... ------------------ ----------------------
Moon (301)   2459926.5 ... 0.9850151408941147 -0.0003612884194937213
#################################################################
extreme_weather_events_n_body_analytics(): Horizons Ephemeris query object for date (body : 499 ) =  targetname datetime_jd ...       range            range_rate     
   ---          d      ...         AU               AU / d       
---------- ----------- ... ----------------- --------------------
Mars (499)   2459926.5 ... 1.538938394072477 0.001349993133420787
#################################################################
extreme_weather_events_n_body_analytics(): Horizons Ephemeris query object for date (body : 199 ) =    targetname  datetime_jd ...       range              range_rate     
     ---           d      ...         AU                 AU / d       
------------- ----------- ... ------------------ ---------------------
Mercury (199)   2459926.5 ... 0.3889505400546147 -0.005802435319262568
#################################################################
extreme_weather_events_n_body_analytics(): Horizons Ephemeris query object for date (body : 599 ) =    targetname  datetime_jd ...       range             range_rate      
     ---           d      ...         AU                AU / d        
------------- ----------- ... ----------------- ----------------------
Jupiter (599)   2459926.5 ... 4.942568634052468 -2.052302434459513e-05
#################################################################
extreme_weather_events_n_body_analytics(): Horizons Ephemeris query object for date (body : 299 ) =   targetname datetime_jd ...       range              range_rate      
    ---          d      ...         AU                 AU / d        
----------- ----------- ... ------------------ ----------------------
Venus (299)   2459926.5 ... 0.7245216934544397 -0.0001757623499641581
#################################################################
extreme_weather_events_n_body_analytics(): Horizons Ephemeris query object for date (body : 699 ) =   targetname  datetime_jd ...       range             range_rate      
    ---           d      ...         AU                AU / d        
------------ ----------- ... ----------------- ----------------------
Saturn (699)   2459926.5 ... 9.832711103277767 -0.0002457504578322645
#################################################################
extreme_weather_events_n_body_analytics(): Horizons Ephemeris query object for date (body : 799 ) =   targetname  datetime_jd ...       range             range_rate      
    ---           d      ...         AU                AU / d        
------------ ----------- ... ----------------- ----------------------
Uranus (799)   2459926.5 ... 19.66673317036735 -0.0001539514161390288
#################################################################
extreme_weather_events_n_body_analytics(): Horizons Ephemeris query object for date (body : 899 ) =    targetname  datetime_jd ...       range             range_rate      
     ---           d      ...         AU                AU / d        
------------- ----------- ... ----------------- ----------------------
Neptune (899)   2459926.5 ... 29.90391500672556 -2.121440662305998e-05
#################################################################
extreme_weather_events_n_body_analytics(): Horizons Ephemeris query object for date (body : 999 ) =   targetname datetime_jd ...       range             range_rate     
    ---          d      ...         AU                AU / d       
----------- ----------- ... ----------------- ---------------------
Pluto (999)   2459926.5 ... 34.66029843759728 0.0006843237648751049
#################################################################
n_body_gravitational_acceleration():r= [[-1.35695940e+09  3.98405253e+07  3.12825381e+07]
 [ 2.23653236e+10  1.45648992e+11  5.96539392e+07]
 [ 4.56782359e+10  2.25616107e+11  3.60519541e+09]
 [ 4.91255032e+10 -3.03666294e+10 -7.08402678e+09]
 [ 7.26895996e+11  1.34344047e+11 -1.68199628e+10]
 [ 3.66972725e+10 -1.01923139e+11 -3.56435895e+09]
 [ 1.20941155e+12 -8.36597891e+11 -3.36058512e+10]
 [ 2.00700080e+12  2.15118201e+12 -1.80115062e+10]
 [ 4.44997870e+12 -4.49155705e+11 -9.33046430e+10]
 [ 2.41054221e+12 -4.58606167e+12 -2.06537086e+11]]
n_body_gravitational_acceleration():m= [[1.9890e+30]
 [3.2850e+23]
 [4.8670e+24]
 [5.9720e+24]
 [6.3900e+23]
 [1.8989e+27]
 [5.6830e+26]
 [8.6810e+25]
 [1.0240e+26]
 [1.3090e+22]]
n_body_gravitational_acceleration(): inv_r3.shape =  10
n_body_gravitational_acceleration(): m.shape =  10
n_body_gravitational_acceleration(): extension =  0
n_body_gravitational_acceleration():inv_r3= [[1.00000000e+06 3.11435992e-34 8.17031508e-35 4.78089265e-33
  2.46052899e-36 7.74479938e-34 3.13469463e-37 3.92310525e-38
  1.11595119e-38 7.17066056e-39]
 [3.11435992e-34 1.00000000e+06 1.72562969e-33 1.76771539e-34
  2.85600418e-36 6.55505189e-35 2.73211393e-37 4.45170827e-38
  1.12086833e-38 6.70078971e-39]
 [8.17031508e-35 1.72562969e-33 1.00000000e+06 5.94449704e-35
  3.07592924e-36 2.84059003e-35 2.55436824e-37 4.81552160e-38
  1.12965753e-38 6.47381795e-39]
 [4.78089265e-33 1.76771539e-34 5.94449704e-35 1.00000000e+06
  2.94608683e-36 2.60113855e-33 3.54356777e-37 3.97024155e-38
  1.15682844e-38 7.38455346e-39]
 [2.46052899e-36 2.85600418e-36 3.07592924e-36 2.94608683e-36
  1.00000000e+06 2.57440566e-36 7.84300497e-37 7.33613839e-38
  1.86730757e-38 7.92717110e-39]
 [7.74479938e-34 6.55505189e-35 2.84059003e-35 2.60113855e-33
  2.57440566e-36 1.00000000e+06 3.77083853e-37 3.72928989e-38
  1.15193306e-38 7.63798326e-39]
 [3.13469463e-37 2.73211393e-37 2.55436824e-37 3.54356777e-37
  7.84300497e-37 3.77083853e-37 1.00000000e+06 3.38137815e-38
  2.87523153e-38 1.63379187e-38]
 [3.92310525e-38 4.45170827e-38 4.81552160e-38 3.97024155e-38
  7.33613839e-38 3.72928989e-38 3.38137815e-38 1.00000000e+06
  2.20025292e-38 3.24871928e-39]
 [1.11595119e-38 1.12086833e-38 1.12965753e-38 1.15682844e-38
  1.86730757e-38 1.15193306e-38 2.87523153e-38 2.20025292e-38
  1.00000000e+06 1.01825237e-38]
 [7.17066056e-39 6.70078971e-39 6.47381795e-39 7.38455346e-39
  7.92717110e-39 7.63798326e-39 1.63379187e-38 3.24871928e-39
  1.01825237e-38 1.00000000e+06]]
n_body_gravitational_acceleration(): m.shape after extension =  10
extreme_weather_events_n_body_analytics(): gravity of  Sun  at  @0  on  ('2022', '12', '13', '17', '30', '00.000') : [ 3.84813966e-06 -1.00687450e-05 -3.66811617e-07]
extreme_weather_events_n_body_analytics(): gravity of  Moon  at  @0  on  ('2022', '12', '13', '17', '30', '00.000') : [-9.80619621e-04 -6.02205468e-03 -1.20196466e-06]
extreme_weather_events_n_body_analytics(): gravity of  Mars  at  @0  on  ('2022', '12', '13', '17', '30', '00.000') : [-5.10176017e-04 -2.44785299e-03 -3.87901012e-05]
extreme_weather_events_n_body_analytics(): gravity of  Mercury  at  @0  on  ('2022', '12', '13', '17', '30', '00.000') : [-0.0320439   0.01927455  0.00451705]
extreme_weather_events_n_body_analytics(): gravity of  Jupiter  at  @0  on  ('2022', '12', '13', '17', '30', '00.000') : [-2.38087683e-04 -4.39743793e-05  5.50813430e-06]
extreme_weather_events_n_body_analytics(): gravity of  Venus  at  @0  on  ('2022', '12', '13', '17', '30', '00.000') : [-0.00391246  0.01048325  0.00036968]
extreme_weather_events_n_body_analytics(): gravity of  Saturn  at  @0  on  ('2022', '12', '13', '17', '30', '00.000') : [-5.04400253e-05  3.48515572e-05  1.40119833e-06]
extreme_weather_events_n_body_analytics(): gravity of  Uranus  at  @0  on  ('2022', '12', '13', '17', '30', '00.000') : [-1.04695507e-05 -1.12180804e-05  9.40042259e-08]
extreme_weather_events_n_body_analytics(): gravity of  Neptune  at  @0  on  ('2022', '12', '13', '17', '30', '00.000') : [-6.60474079e-06  6.65879644e-07  1.38478652e-07]
extreme_weather_events_n_body_analytics(): gravity of  Pluto  at  @0  on  ('2022', '12', '13', '17', '30', '00.000') : [-2.29885172e-06  4.37269873e-06  1.96952408e-07]
==============================================================
extreme_weather_events_n_body_analytics(): Pairwise Directed hausdorff Distance of Gravitational Acceleration: (0.0, 0, 0)
extreme_weather_events_n_body_analytics(): Pairwise Directed hausdorff Distance of Gravitational Acceleration: (0.006092056494483728, 0, 0)
extreme_weather_events_n_body_analytics(): Pairwise Directed hausdorff Distance of Gravitational Acceleration: (0.002491684006752123, 0, 0)
extreme_weather_events_n_body_analytics(): Pairwise Directed hausdorff Distance of Gravitational Acceleration: (0.03767441479735332, 0, 0)
extreme_weather_events_n_body_analytics(): Pairwise Directed hausdorff Distance of Gravitational Acceleration: (0.00024437072120753097, 0, 0)
extreme_weather_events_n_body_analytics(): Pairwise Directed hausdorff Distance of Gravitational Acceleration: (0.011206435178662204, 0, 0)
extreme_weather_events_n_body_analytics(): Pairwise Directed hausdorff Distance of Gravitational Acceleration: (7.048520602548454e-05, 0, 0)
extreme_weather_events_n_body_analytics(): Pairwise Directed hausdorff Distance of Gravitational Acceleration: (1.437113702032389e-05, 0, 0)
extreme_weather_events_n_body_analytics(): Pairwise Directed hausdorff Distance of Gravitational Acceleration: (1.499167084125936e-05, 0, 0)
extreme_weather_events_n_body_analytics(): Pairwise Directed hausdorff Distance of Gravitational Acceleration: (1.5705369479195767e-05, 0, 0)
extreme_weather_events_n_body_analytics(): Pairwise Directed hausdorff Distance of Gravitational Acceleration: (0.006092056494483728, 0, 0)
extreme_weather_events_n_body_analytics(): Pairwise Directed hausdorff Distance of Gravitational Acceleration: (0.0, 0, 0)
extreme_weather_events_n_body_analytics(): Pairwise Directed hausdorff Distance of Gravitational Acceleration: (0.00360522506770849, 0, 0)
extreme_weather_events_n_body_analytics(): Pairwise Directed hausdorff Distance of Gravitational Acceleration: (0.040314513138578305, 0, 0)
extreme_weather_events_n_body_analytics(): Pairwise Directed hausdorff Distance of Gravitational Acceleration: (0.006024022141925921, 0, 0)
extreme_weather_events_n_body_analytics(): Pairwise Directed hausdorff Distance of Gravitational Acceleration: (0.016767778019727696, 0, 0)
extreme_weather_events_n_body_analytics(): Pairwise Directed hausdorff Distance of Gravitational Acceleration: (0.0061279159592229305, 0, 0)
extreme_weather_events_n_body_analytics(): Pairwise Directed hausdorff Distance of Gravitational Acceleration: (0.006088624593910433, 0, 0)
extreme_weather_events_n_body_analytics(): Pairwise Directed hausdorff Distance of Gravitational Acceleration: (0.006100972848937466, 0, 0)
extreme_weather_events_n_body_analytics(): Pairwise Directed hausdorff Distance of Gravitational Acceleration: (0.006105320664465051, 0, 0)
extreme_weather_events_n_body_analytics(): Pairwise Directed hausdorff Distance of Gravitational Acceleration: (0.002491684006752123, 0, 0)
extreme_weather_events_n_body_analytics(): Pairwise Directed hausdorff Distance of Gravitational Acceleration: (0.00360522506770849, 0, 0)
extreme_weather_events_n_body_analytics(): Pairwise Directed hausdorff Distance of Gravitational Acceleration: (0.0, 0, 0)
extreme_weather_events_n_body_analytics(): Pairwise Directed hausdorff Distance of Gravitational Acceleration: (0.03856156123478293, 0, 0)
extreme_weather_events_n_body_analytics(): Pairwise Directed hausdorff Distance of Gravitational Acceleration: (0.0024196335986734585, 0, 0)
extreme_weather_events_n_body_analytics(): Pairwise Directed hausdorff Distance of Gravitational Acceleration: (0.013377438402199392, 0, 0)
extreme_weather_events_n_body_analytics(): Pairwise Directed hausdorff Distance of Gravitational Acceleration: (0.002525231548315427, 0, 0)
extreme_weather_events_n_body_analytics(): Pairwise Directed hausdorff Distance of Gravitational Acceleration: (0.0024876511391886307, 0, 0)
extreme_weather_events_n_body_analytics(): Pairwise Directed hausdorff Distance of Gravitational Acceleration: (0.002500068819266608, 0, 0)
extreme_weather_events_n_body_analytics(): Pairwise Directed hausdorff Distance of Gravitational Acceleration: (0.002504569826402564, 0, 0)
extreme_weather_events_n_body_analytics(): Pairwise Directed hausdorff Distance of Gravitational Acceleration: (0.03767441479735332, 0, 0)
extreme_weather_events_n_body_analytics(): Pairwise Directed hausdorff Distance of Gravitational Acceleration: (0.040314513138578305, 0, 0)
extreme_weather_events_n_body_analytics(): Pairwise Directed hausdorff Distance of Gravitational Acceleration: (0.03856156123478293, 0, 0)
extreme_weather_events_n_body_analytics(): Pairwise Directed hausdorff Distance of Gravitational Acceleration: (0.0, 0, 0)
extreme_weather_events_n_body_analytics(): Pairwise Directed hausdorff Distance of Gravitational Acceleration: (0.03748558238567917, 0, 0)
extreme_weather_events_n_body_analytics(): Pairwise Directed hausdorff Distance of Gravitational Acceleration: (0.029763488341426548, 0, 0)
extreme_weather_events_n_body_analytics(): Pairwise Directed hausdorff Distance of Gravitational Acceleration: (0.037605031000171464, 0, 0)
extreme_weather_events_n_body_analytics(): Pairwise Directed hausdorff Distance of Gravitational Acceleration: (0.037662769455126976, 0, 0)
extreme_weather_events_n_body_analytics(): Pairwise Directed hausdorff Distance of Gravitational Acceleration: (0.03765996788496451, 0, 0)
extreme_weather_events_n_body_analytics(): Pairwise Directed hausdorff Distance of Gravitational Acceleration: (0.037661727172496696, 0, 0)
extreme_weather_events_n_body_analytics(): Pairwise Directed hausdorff Distance of Gravitational Acceleration: (0.00024437072120753097, 0, 0)
extreme_weather_events_n_body_analytics(): Pairwise Directed hausdorff Distance of Gravitational Acceleration: (0.006024022141925921, 0, 0)
extreme_weather_events_n_body_analytics(): Pairwise Directed hausdorff Distance of Gravitational Acceleration: (0.0024196335986734585, 0, 0)
extreme_weather_events_n_body_analytics(): Pairwise Directed hausdorff Distance of Gravitational Acceleration: (0.03748558238567917, 0, 0)
extreme_weather_events_n_body_analytics(): Pairwise Directed hausdorff Distance of Gravitational Acceleration: (0.0, 0, 0)
extreme_weather_events_n_body_analytics(): Pairwise Directed hausdorff Distance of Gravitational Acceleration: (0.011155990852379526, 0, 0)
extreme_weather_events_n_body_analytics(): Pairwise Directed hausdorff Distance of Gravitational Acceleration: (0.00020357317770208292, 0, 0)
extreme_weather_events_n_body_analytics(): Pairwise Directed hausdorff Distance of Gravitational Acceleration: (0.00023002674226519864, 0, 0)
extreme_weather_events_n_body_analytics(): Pairwise Directed hausdorff Distance of Gravitational Acceleration: (0.00023580911458618176, 0, 0)
extreme_weather_events_n_body_analytics(): Pairwise Directed hausdorff Distance of Gravitational Acceleration: (0.00024075303036987373, 0, 0)
extreme_weather_events_n_body_analytics(): Pairwise Directed hausdorff Distance of Gravitational Acceleration: (0.011206435178662204, 0, 0)
extreme_weather_events_n_body_analytics(): Pairwise Directed hausdorff Distance of Gravitational Acceleration: (0.016767778019727696, 0, 0)
extreme_weather_events_n_body_analytics(): Pairwise Directed hausdorff Distance of Gravitational Acceleration: (0.013377438402199392, 0, 0)
extreme_weather_events_n_body_analytics(): Pairwise Directed hausdorff Distance of Gravitational Acceleration: (0.029763488341426548, 0, 0)
extreme_weather_events_n_body_analytics(): Pairwise Directed hausdorff Distance of Gravitational Acceleration: (0.011155990852379526, 0, 0)
extreme_weather_events_n_body_analytics(): Pairwise Directed hausdorff Distance of Gravitational Acceleration: (0.0, 0, 0)
extreme_weather_events_n_body_analytics(): Pairwise Directed hausdorff Distance of Gravitational Acceleration: (0.01114539834164079, 0, 0)
extreme_weather_events_n_body_analytics(): Pairwise Directed hausdorff Distance of Gravitational Acceleration: (0.011202501083533498, 0, 0)
extreme_weather_events_n_body_analytics(): Pairwise Directed hausdorff Distance of Gravitational Acceleration: (0.01119271562389281, 0, 0)
extreme_weather_events_n_body_analytics(): Pairwise Directed hausdorff Distance of Gravitational Acceleration: (0.011190745926678956, 0, 0)
extreme_weather_events_n_body_analytics(): Pairwise Directed hausdorff Distance of Gravitational Acceleration: (7.048520602548454e-05, 0, 0)
extreme_weather_events_n_body_analytics(): Pairwise Directed hausdorff Distance of Gravitational Acceleration: (0.0061279159592229305, 0, 0)
extreme_weather_events_n_body_analytics(): Pairwise Directed hausdorff Distance of Gravitational Acceleration: (0.002525231548315427, 0, 0)
extreme_weather_events_n_body_analytics(): Pairwise Directed hausdorff Distance of Gravitational Acceleration: (0.037605031000171464, 0, 0)
extreme_weather_events_n_body_analytics(): Pairwise Directed hausdorff Distance of Gravitational Acceleration: (0.00020357317770208292, 0, 0)
extreme_weather_events_n_body_analytics(): Pairwise Directed hausdorff Distance of Gravitational Acceleration: (0.01114539834164079, 0, 0)
extreme_weather_events_n_body_analytics(): Pairwise Directed hausdorff Distance of Gravitational Acceleration: (0.0, 0, 0)
extreme_weather_events_n_body_analytics(): Pairwise Directed hausdorff Distance of Gravitational Acceleration: (6.100622192294606e-05, 0, 0)
extreme_weather_events_n_body_analytics(): Pairwise Directed hausdorff Distance of Gravitational Acceleration: (5.560384142688983e-05, 0, 0)
extreme_weather_events_n_body_analytics(): Pairwise Directed hausdorff Distance of Gravitational Acceleration: (5.699108366945825e-05, 0, 0)
extreme_weather_events_n_body_analytics(): Pairwise Directed hausdorff Distance of Gravitational Acceleration: (1.437113702032389e-05, 0, 0)
extreme_weather_events_n_body_analytics(): Pairwise Directed hausdorff Distance of Gravitational Acceleration: (0.006088624593910433, 0, 0)
extreme_weather_events_n_body_analytics(): Pairwise Directed hausdorff Distance of Gravitational Acceleration: (0.0024876511391886307, 0, 0)
extreme_weather_events_n_body_analytics(): Pairwise Directed hausdorff Distance of Gravitational Acceleration: (0.037662769455126976, 0, 0)
extreme_weather_events_n_body_analytics(): Pairwise Directed hausdorff Distance of Gravitational Acceleration: (0.00023002674226519864, 0, 0)
extreme_weather_events_n_body_analytics(): Pairwise Directed hausdorff Distance of Gravitational Acceleration: (0.011202501083533498, 0, 0)
extreme_weather_events_n_body_analytics(): Pairwise Directed hausdorff Distance of Gravitational Acceleration: (6.100622192294606e-05, 0, 0)
extreme_weather_events_n_body_analytics(): Pairwise Directed hausdorff Distance of Gravitational Acceleration: (0.0, 0, 0)
extreme_weather_events_n_body_analytics(): Pairwise Directed hausdorff Distance of Gravitational Acceleration: (1.2496689172865454e-05, 0, 0)
extreme_weather_events_n_body_analytics(): Pairwise Directed hausdorff Distance of Gravitational Acceleration: (1.760236672392865e-05, 0, 0)
extreme_weather_events_n_body_analytics(): Pairwise Directed hausdorff Distance of Gravitational Acceleration: (1.499167084125936e-05, 0, 0)
extreme_weather_events_n_body_analytics(): Pairwise Directed hausdorff Distance of Gravitational Acceleration: (0.006100972848937466, 0, 0)
extreme_weather_events_n_body_analytics(): Pairwise Directed hausdorff Distance of Gravitational Acceleration: (0.002500068819266608, 0, 0)
extreme_weather_events_n_body_analytics(): Pairwise Directed hausdorff Distance of Gravitational Acceleration: (0.03765996788496451, 0, 0)
extreme_weather_events_n_body_analytics(): Pairwise Directed hausdorff Distance of Gravitational Acceleration: (0.00023580911458618176, 0, 0)
extreme_weather_events_n_body_analytics(): Pairwise Directed hausdorff Distance of Gravitational Acceleration: (0.01119271562389281, 0, 0)
extreme_weather_events_n_body_analytics(): Pairwise Directed hausdorff Distance of Gravitational Acceleration: (5.560384142688983e-05, 0, 0)
extreme_weather_events_n_body_analytics(): Pairwise Directed hausdorff Distance of Gravitational Acceleration: (1.2496689172865454e-05, 0, 0)
extreme_weather_events_n_body_analytics(): Pairwise Directed hausdorff Distance of Gravitational Acceleration: (0.0, 0, 0)
extreme_weather_events_n_body_analytics(): Pairwise Directed hausdorff Distance of Gravitational Acceleration: (5.6819545593308265e-06, 0, 0)
extreme_weather_events_n_body_analytics(): Pairwise Directed hausdorff Distance of Gravitational Acceleration: (1.5705369479195767e-05, 0, 0)
extreme_weather_events_n_body_analytics(): Pairwise Directed hausdorff Distance of Gravitational Acceleration: (0.006105320664465051, 0, 0)
extreme_weather_events_n_body_analytics(): Pairwise Directed hausdorff Distance of Gravitational Acceleration: (0.002504569826402564, 0, 0)
extreme_weather_events_n_body_analytics(): Pairwise Directed hausdorff Distance of Gravitational Acceleration: (0.037661727172496696, 0, 0)
extreme_weather_events_n_body_analytics(): Pairwise Directed hausdorff Distance of Gravitational Acceleration: (0.00024075303036987373, 0, 0)
extreme_weather_events_n_body_analytics(): Pairwise Directed hausdorff Distance of Gravitational Acceleration: (0.011190745926678956, 0, 0)
extreme_weather_events_n_body_analytics(): Pairwise Directed hausdorff Distance of Gravitational Acceleration: (5.699108366945825e-05, 0, 0)
extreme_weather_events_n_body_analytics(): Pairwise Directed hausdorff Distance of Gravitational Acceleration: (1.760236672392865e-05, 0, 0)
extreme_weather_events_n_body_analytics(): Pairwise Directed hausdorff Distance of Gravitational Acceleration: (5.6819545593308265e-06, 0, 0)
extreme_weather_events_n_body_analytics(): Pairwise Directed hausdorff Distance of Gravitational Acceleration: (0.0, 0, 0)
Angular separation of Mercury-Jupiter on 2022-12-14 17:30:00.000: [35d44m40.14652766s]
datetoks: ['2022', '12', '14']
timetoks: ['17', '30', '00.000']
extreme_weather_events_n_body_analytics(): datesofEWEs =  [('2022', '12', '14', '17', '30', '00.000')]
extreme_weather_events_n_body_analytics(): date: ('2022', '12', '14', '17', '30', '00.000')
datesofEWEs: [('2022', '12', '14', '17', '30', '00.000')]
extreme_weather_events_n_body_analytics(): Horizons Ephemeris query object for date (body : 10 ) =  targetname datetime_jd ...        range               range_rate      
   ---          d      ...          AU                  AU / d        
---------- ----------- ... -------------------- ----------------------
  Sun (10)   2459927.5 ... 0.009076071490120175 -9.616009292280561e-07
#################################################################
extreme_weather_events_n_body_analytics(): Horizons Ephemeris query object for date (body : 301 ) =  targetname datetime_jd ...       range              range_rate      
   ---          d      ...         AU                 AU / d        
---------- ----------- ... ------------------ ----------------------
Moon (301)   2459927.5 ... 0.9846280583023039 -0.0004103304602112406
#################################################################
extreme_weather_events_n_body_analytics(): Horizons Ephemeris query object for date (body : 499 ) =  targetname datetime_jd ...       range            range_rate     
   ---          d      ...         AU               AU / d       
---------- ----------- ... ----------------- --------------------
Mars (499)   2459927.5 ... 1.540287118879194 0.001347439585847394
#################################################################
extreme_weather_events_n_body_analytics(): Horizons Ephemeris query object for date (body : 199 ) =    targetname  datetime_jd ...       range              range_rate     
     ---           d      ...         AU                 AU / d       
------------- ----------- ... ------------------ ---------------------
Mercury (199)   2459927.5 ... 0.3831034821375969 -0.005887337648231392
#################################################################
extreme_weather_events_n_body_analytics(): Horizons Ephemeris query object for date (body : 599 ) =    targetname  datetime_jd ...      range             range_rate      
     ---           d      ...        AU                AU / d        
------------- ----------- ... ---------------- ----------------------
Jupiter (599)   2459927.5 ... 4.94254885229361 -1.870549582449322e-05
#################################################################
extreme_weather_events_n_body_analytics(): Horizons Ephemeris query object for date (body : 299 ) =   targetname datetime_jd ...       range              range_rate      
    ---          d      ...         AU                 AU / d        
----------- ----------- ... ------------------ ----------------------
Venus (299)   2459927.5 ... 0.7243454090032557 -0.0001767862758415789
#################################################################
extreme_weather_events_n_body_analytics(): Horizons Ephemeris query object for date (body : 699 ) =   targetname  datetime_jd ...       range             range_rate      
    ---           d      ...         AU                AU / d        
------------ ----------- ... ----------------- ----------------------
Saturn (699)   2459927.5 ... 9.832465419937993 -0.0002456394146858244
#################################################################
extreme_weather_events_n_body_analytics(): Horizons Ephemeris query object for date (body : 799 ) =   targetname  datetime_jd ...       range             range_rate      
    ---           d      ...         AU                AU / d        
------------ ----------- ... ----------------- ----------------------
Uranus (799)   2459927.5 ... 19.66657922330194 -0.0001539178282683519
#################################################################
extreme_weather_events_n_body_analytics(): Horizons Ephemeris query object for date (body : 899 ) =    targetname  datetime_jd ...       range             range_rate      
     ---           d      ...         AU                AU / d        
------------- ----------- ... ----------------- ----------------------
Neptune (899)   2459927.5 ... 29.90389381444583 -2.117017986075145e-05
#################################################################
extreme_weather_events_n_body_analytics(): Horizons Ephemeris query object for date (body : 999 ) =   targetname datetime_jd ...      range             range_rate     
    ---          d      ...        AU                AU / d       
----------- ----------- ... ---------------- ---------------------
Pluto (999)   2459927.5 ... 34.6609814193221 0.0006806607063110522
#################################################################
n_body_gravitational_acceleration():r= [[-1.35685456e+09  3.84892262e+07  3.12912930e+07]
 [ 1.97281271e+10  1.45971145e+11  5.86091594e+07]
 [ 4.37064285e+10  2.26210913e+11  3.66606853e+09]
 [ 5.03489820e+10 -2.64999577e+10 -6.88013790e+09]
 [ 7.26677115e+11  1.35506856e+11 -1.68198914e+10]
 [ 3.94967755e+10 -1.00837682e+11 -3.71096190e+09]
 [ 1.20983948e+12 -8.35913096e+11 -3.36347492e+10]
 [ 2.00656622e+12  2.15155595e+12 -1.80044669e+10]
 [ 4.45002271e+12 -4.48685690e+11 -9.33153248e+10]
 [ 2.41096850e+12 -4.58594695e+12 -2.06673733e+11]]
n_body_gravitational_acceleration():m= [[1.9890e+30]
 [3.2850e+23]
 [4.8670e+24]
 [5.9720e+24]
 [6.3900e+23]
 [1.8989e+27]
 [5.6830e+26]
 [8.6810e+25]
 [1.0240e+26]
 [1.3090e+22]]
n_body_gravitational_acceleration(): inv_r3.shape =  10
n_body_gravitational_acceleration(): m.shape =  10
n_body_gravitational_acceleration(): extension =  0
n_body_gravitational_acceleration():inv_r3= [[1.00000000e+06 3.11948717e-34 8.15001776e-35 4.98774715e-33
  2.46056161e-36 7.74330732e-34 3.13493229e-37 3.92319448e-38
  1.11595374e-38 7.17024148e-39]
 [3.11948717e-34 1.00000000e+06 1.69785790e-33 1.85614714e-34
  2.82697458e-36 6.58568512e-35 2.72080620e-37 4.44420771e-38
  1.11888601e-38 6.69484212e-39]
 [8.15001776e-35 1.69785790e-33 1.00000000e+06 6.17369999e-35
  3.05371239e-36 2.85577447e-35 2.54605112e-37 4.81056936e-38
  1.12812854e-38 6.46840748e-39]
 [4.98774715e-33 1.85614714e-34 6.17369999e-35 1.00000000e+06
  2.97199907e-36 2.35221227e-33 3.53478192e-37 3.98533775e-38
  1.15749323e-38 7.37173072e-39]
 [2.46056161e-36 2.82697458e-36 3.05371239e-36 2.97199907e-36
  1.00000000e+06 2.60461743e-36 7.82748186e-37 7.34334435e-38
  1.86676198e-38 7.92144464e-39]
 [7.74330732e-34 6.58568512e-35 2.85577447e-35 2.35221227e-33
  2.60461743e-36 1.00000000e+06 3.78557362e-37 3.73926761e-38
  1.15404358e-38 7.63912046e-39]
 [3.13493229e-37 2.72080620e-37 2.54605112e-37 3.53478192e-37
  7.82748186e-37 3.78557362e-37 1.00000000e+06 3.38309274e-38
  2.87630721e-38 1.63311224e-38]
 [3.92319448e-38 4.44420771e-38 4.81056936e-38 3.98533775e-38
  7.34334435e-38 3.73926761e-38 3.38309274e-38 1.00000000e+06
  2.19977577e-38 3.24826584e-39]
 [1.11595374e-38 1.11888601e-38 1.12812854e-38 1.15749323e-38
  1.86676198e-38 1.15404358e-38 2.87630721e-38 2.19977577e-38
  1.00000000e+06 1.01815127e-38]
 [7.17024148e-39 6.69484212e-39 6.46840748e-39 7.37173072e-39
  7.92144464e-39 7.63912046e-39 1.63311224e-38 3.24826584e-39
  1.01815127e-38 1.00000000e+06]]
n_body_gravitational_acceleration(): m.shape after extension =  10
extreme_weather_events_n_body_analytics(): gravity of  Sun  at  @0  on  ('2022', '12', '14', '17', '30', '00.000') : [ 4.12867297e-06 -9.95496518e-06 -3.81312042e-07]
extreme_weather_events_n_body_analytics(): gravity of  Moon  at  @0  on  ('2022', '12', '14', '17', '30', '00.000') : [-8.72972538e-04 -6.04536662e-03 -1.16162931e-06]
extreme_weather_events_n_body_analytics(): gravity of  Mars  at  @0  on  ('2022', '12', '14', '17', '30', '00.000') : [-4.87556793e-04 -2.44822943e-03 -3.93532065e-05]
extreme_weather_events_n_body_analytics(): gravity of  Mercury  at  @0  on  ('2022', '12', '14', '17', '30', '00.000') : [-0.03423934  0.0175498   0.00457723]
extreme_weather_events_n_body_analytics(): gravity of  Jupiter  at  @0  on  ('2022', '12', '14', '17', '30', '00.000') : [-2.38020963e-04 -4.43561136e-05  5.50818951e-06]
extreme_weather_events_n_body_analytics(): gravity of  Venus  at  @0  on  ('2022', '12', '14', '17', '30', '00.000') : [-0.00419947  0.01036951  0.00038468]
extreme_weather_events_n_body_analytics(): gravity of  Saturn  at  @0  on  ('2022', '12', '14', '17', '30', '00.000') : [-5.04617544e-05  3.48257981e-05  1.40250746e-06]
extreme_weather_events_n_body_analytics(): gravity of  Uranus  at  @0  on  ('2022', '12', '14', '17', '30', '00.000') : [-1.04675338e-05 -1.12203164e-05  9.39691496e-08]
extreme_weather_events_n_body_analytics(): gravity of  Neptune  at  @0  on  ('2022', '12', '14', '17', '30', '00.000') : [-6.60482952e-06  6.65184691e-07  1.38494851e-07]
extreme_weather_events_n_body_analytics(): gravity of  Pluto  at  @0  on  ('2022', '12', '14', '17', '30', '00.000') : [-2.29912098e-06  4.37233404e-06  1.97071046e-07]
==============================================================
extreme_weather_events_n_body_analytics(): Pairwise Directed hausdorff Distance of Gravitational Acceleration: (0.0, 0, 0)
extreme_weather_events_n_body_analytics(): Pairwise Directed hausdorff Distance of Gravitational Acceleration: (0.0060988114411641625, 0, 0)
extreme_weather_events_n_body_analytics(): Pairwise Directed hausdorff Distance of Gravitational Acceleration: (0.002487660706097204, 0, 0)
extreme_weather_events_n_body_analytics(): Pairwise Directed hausdorff Distance of Gravitational Acceleration: (0.03875454177740178, 0, 0)
extreme_weather_events_n_body_analytics(): Pairwise Directed hausdorff Distance of Gravitational Acceleration: (0.0002446519398279344, 0, 0)
extreme_weather_events_n_body_analytics(): Pairwise Directed hausdorff Distance of Gravitational Acceleration: (0.011204991196474513, 0, 0)
extreme_weather_events_n_body_analytics(): Pairwise Directed hausdorff Distance of Gravitational Acceleration: (7.063011777672267e-05, 0, 0)
extreme_weather_events_n_body_analytics(): Pairwise Directed hausdorff Distance of Gravitational Acceleration: (1.4658658107064447e-05, 0, 0)
extreme_weather_events_n_body_analytics(): Pairwise Directed hausdorff Distance of Gravitational Acceleration: (1.510846975127492e-05, 0, 0)
extreme_weather_events_n_body_analytics(): Pairwise Directed hausdorff Distance of Gravitational Acceleration: (1.571376992287842e-05, 0, 0)
extreme_weather_events_n_body_analytics(): Pairwise Directed hausdorff Distance of Gravitational Acceleration: (0.0060988114411641625, 0, 0)
extreme_weather_events_n_body_analytics(): Pairwise Directed hausdorff Distance of Gravitational Acceleration: (0.0, 0, 0)
extreme_weather_events_n_body_analytics(): Pairwise Directed hausdorff Distance of Gravitational Acceleration: (0.003617927561033956, 0, 0)
extreme_weather_events_n_body_analytics(): Pairwise Directed hausdorff Distance of Gravitational Acceleration: (0.04112186678638155, 0, 0)
extreme_weather_events_n_body_analytics(): Pairwise Directed hausdorff Distance of Gravitational Acceleration: (0.006034512001397249, 0, 0)
extreme_weather_events_n_body_analytics(): Pairwise Directed hausdorff Distance of Gravitational Acceleration: (0.016752989252062086, 0, 0)
extreme_weather_events_n_body_analytics(): Pairwise Directed hausdorff Distance of Gravitational Acceleration: (0.006135574171495626, 0, 0)
extreme_weather_events_n_body_analytics(): Pairwise Directed hausdorff Distance of Gravitational Acceleration: (0.006095476854268358, 0, 0)
extreme_weather_events_n_body_analytics(): Pairwise Directed hausdorff Distance of Gravitational Acceleration: (0.0061077897220319765, 0, 0)
extreme_weather_events_n_body_analytics(): Pairwise Directed hausdorff Distance of Gravitational Acceleration: (0.006112071290964275, 0, 0)
extreme_weather_events_n_body_analytics(): Pairwise Directed hausdorff Distance of Gravitational Acceleration: (0.002487660706097204, 0, 0)
extreme_weather_events_n_body_analytics(): Pairwise Directed hausdorff Distance of Gravitational Acceleration: (0.003617927561033956, 0, 0)
extreme_weather_events_n_body_analytics(): Pairwise Directed hausdorff Distance of Gravitational Acceleration: (0.0, 0, 0)
extreme_weather_events_n_body_analytics(): Pairwise Directed hausdorff Distance of Gravitational Acceleration: (0.03950211076060068, 0, 0)
extreme_weather_events_n_body_analytics(): Pairwise Directed hausdorff Distance of Gravitational Acceleration: (0.0024172065722839436, 0, 0)
extreme_weather_events_n_body_analytics(): Pairwise Directed hausdorff Distance of Gravitational Acceleration: (0.013351126002526716, 0, 0)
extreme_weather_events_n_body_analytics(): Pairwise Directed hausdorff Distance of Gravitational Acceleration: (0.0025215622903407287, 0, 0)
extreme_weather_events_n_body_analytics(): Pairwise Directed hausdorff Distance of Gravitational Acceleration: (0.002483582830845471, 0, 0)
extreme_weather_events_n_body_analytics(): Pairwise Directed hausdorff Distance of Gravitational Acceleration: (0.0024959886290739173, 0, 0)
extreme_weather_events_n_body_analytics(): Pairwise Directed hausdorff Distance of Gravitational Acceleration: (0.002500458890416768, 0, 0)
extreme_weather_events_n_body_analytics(): Pairwise Directed hausdorff Distance of Gravitational Acceleration: (0.03875454177740178, 0, 0)
extreme_weather_events_n_body_analytics(): Pairwise Directed hausdorff Distance of Gravitational Acceleration: (0.04112186678638155, 0, 0)
extreme_weather_events_n_body_analytics(): Pairwise Directed hausdorff Distance of Gravitational Acceleration: (0.03950211076060068, 0, 0)
extreme_weather_events_n_body_analytics(): Pairwise Directed hausdorff Distance of Gravitational Acceleration: (0.0, 0, 0)
extreme_weather_events_n_body_analytics(): Pairwise Directed hausdorff Distance of Gravitational Acceleration: (0.03855573251616077, 0, 0)
extreme_weather_events_n_body_analytics(): Pairwise Directed hausdorff Distance of Gravitational Acceleration: (0.031169335638998645, 0, 0)
extreme_weather_events_n_body_analytics(): Pairwise Directed hausdorff Distance of Gravitational Acceleration: (0.038685808201170936, 0, 0)
