*** Introductory Examples for the NLTK Book ***
Loading text1, ..., text9 and sent1, ..., sent9
Type the name of the text or sentence to view it.
Type: 'texts()' or 'sents()' to list the materials.
text1: Moby Dick by Herman Melville 1851
text2: Sense and Sensibility by Jane Austen 1811
text3: The Book of Genesis
text4: Inaugural Address Corpus
text5: Chat Corpus
text6: Monty Python and the Holy Grail
text7: Wall Street Journal
text8: Personals Corpus
text9: The Man Who Was Thursday by G . K . Chesterton 1908
climate_analytics(): precipitation_timeseries_2D =  [(0, 2), (1, 1), (2, 3), (3, 1), (4, 4), (5, 2), (6, 1), (7, 8), (8, 21), (9, 10), (10, 6), (11, 4), (12, 8), (13, 16), (14, 9), (15, 14), (16, 8), (17, 6), (18, 10), (19, 16), (20, 5), (21, 2), (22, 1), (23, 1), (24, 1), (25, 1), (26, 3), (27, 4), (28, 2), (29, 4), (30, 14), (31, 18), (32, 10), (33, 10), (34, 5), (35, 8), (36, 2), (37, 4)]
climate_analytics(): N-Body conjunction to be searched pairwise: Sun-Mercury-Venus
__init__():timescale now: <Time tt=2460394.874882065>
Angular separation of Sun-Mercury on 2024-03-25 17:30:00.000: [76d55m49.13506399s]
datetoks: ['2024', '03', '25']
timetoks: ['17', '30', '00.000']
extreme_weather_events_n_body_analytics(): datesofEWEs =  [('2024', '03', '25', '17', '30', '00.000')]
extreme_weather_events_n_body_analytics(): date: ('2024', '03', '25', '17', '30', '00.000')
datesofEWEs: [('2024', '03', '25', '17', '30', '00.000')]
extreme_weather_events_n_body_analytics(): Horizons Ephemeris query object for date (body : 10 ) =  targetname datetime_jd ...        range               range_rate      
   ---          d      ...          AU                  AU / d        
---------- ----------- ... -------------------- ----------------------
  Sun (10)   2460394.5 ... 0.008297490559501141 -2.302804071605105e-06
#################################################################
extreme_weather_events_n_body_analytics(): Horizons Ephemeris query object for date (body : 301 ) =  targetname datetime_jd ...       range             range_rate     
   ---          d      ...         AU                AU / d       
---------- ----------- ... ----------------- ---------------------
Moon (301)   2460394.5 ... 1.007713665357565 0.0003528474524645158
#################################################################
extreme_weather_events_n_body_analytics(): Horizons Ephemeris query object for date (body : 499 ) =  targetname datetime_jd ...       range             range_rate      
   ---          d      ...         AU                AU / d        
---------- ----------- ... ----------------- ----------------------
Mars (499)   2460394.5 ... 1.393550012375188 -0.0006924595099116119
#################################################################
extreme_weather_events_n_body_analytics(): Horizons Ephemeris query object for date (body : 199 ) =    targetname  datetime_jd ...       range             range_rate     
     ---           d      ...         AU                AU / d       
------------- ----------- ... ------------------ --------------------
Mercury (199)   2460394.5 ... 0.3247139382350271 0.004903930982573588
#################################################################
extreme_weather_events_n_body_analytics(): Horizons Ephemeris query object for date (body : 599 ) =    targetname  datetime_jd ...       range            range_rate     
     ---           d      ...         AU               AU / d       
------------- ----------- ... ----------------- --------------------
Jupiter (599)   2460394.5 ... 4.995286709830888 0.000235129820412508
#################################################################
extreme_weather_events_n_body_analytics(): Horizons Ephemeris query object for date (body : 299 ) =   targetname datetime_jd ...       range              range_rate      
    ---          d      ...         AU                 AU / d        
----------- ----------- ... ------------------ ----------------------
Venus (299)   2460394.5 ... 0.7246695971267749 -0.0002189136796375321
#################################################################
extreme_weather_events_n_body_analytics(): Horizons Ephemeris query object for date (body : 699 ) =   targetname  datetime_jd ...       range             range_rate      
    ---           d      ...         AU                AU / d        
------------ ----------- ... ----------------- ----------------------
Saturn (699)   2460394.5 ... 9.707934156040148 -0.0002837080912443598
#################################################################
extreme_weather_events_n_body_analytics(): Horizons Ephemeris query object for date (body : 799 ) =   targetname  datetime_jd ...       range             range_rate      
    ---           d      ...         AU                AU / d        
------------ ----------- ... ----------------- ----------------------
Uranus (799)   2460394.5 ... 19.59256517861308 -0.0001628689361391991
#################################################################
extreme_weather_events_n_body_analytics(): Horizons Ephemeris query object for date (body : 899 ) =    targetname  datetime_jd ...       range             range_rate      
     ---           d      ...         AU                AU / d        
------------- ----------- ... ----------------- ----------------------
Neptune (899)   2460394.5 ... 29.89427105542914 -2.017328847099682e-05
#################################################################
extreme_weather_events_n_body_analytics(): Horizons Ephemeris query object for date (body : 999 ) =   targetname datetime_jd ...       range             range_rate     
    ---          d      ...         AU                AU / d       
----------- ----------- ... ----------------- ---------------------
Pluto (999)   2460394.5 ... 34.97890016454276 0.0006823488964189554
#################################################################
n_body_gravitational_acceleration():r= [[-1.12699974e+09 -5.19343194e+08  3.07806255e+07]
 [-1.50254772e+11 -1.22316241e+10  4.12251529e+07]
 [ 1.27748711e+11 -1.64613891e+11 -6.56932973e+09]
 [-2.67244980e+10  4.01615855e+10  5.70315244e+09]
 [ 4.48450722e+11  5.97636301e+11 -1.25124241e+10]
 [ 8.20616501e+10 -7.06084208e+10 -5.73184044e+09]
 [ 1.36595698e+12 -4.91116181e+11 -4.58459981e+10]
 [ 1.79534358e+12  2.31674837e+12 -1.46546127e+10]
 [ 4.46518660e+12 -2.28730259e+11 -9.81942890e+10]
 [ 2.60865539e+12 -4.52811931e+12 -2.70044142e+11]]
n_body_gravitational_acceleration():m= [[1.9890e+30]
 [3.2850e+23]
 [4.8670e+24]
 [5.9720e+24]
 [6.3900e+23]
 [1.8989e+27]
 [5.6830e+26]
 [8.6810e+25]
 [1.0240e+26]
 [1.3090e+22]]
n_body_gravitational_acceleration(): inv_r3.shape =  10
n_body_gravitational_acceleration(): m.shape =  10
n_body_gravitational_acceleration(): extension =  0
n_body_gravitational_acceleration():inv_r3= [[1.00000000e+06 2.98757253e-34 1.09919861e-34 8.82111572e-33
  2.38582885e-36 7.73644414e-34 3.25873491e-37 3.96698468e-38
  1.11722232e-38 6.97873793e-39]
 [2.98757253e-34 1.00000000e+06 3.13636749e-35 4.12818853e-34
  1.60151041e-36 7.26933807e-35 2.48446674e-37 3.57791970e-38
  1.01305748e-38 6.72134230e-39]
 [1.09919861e-34 3.13636749e-35 1.00000000e+06 5.90502092e-35
  1.76807684e-36 8.75720667e-34 4.75571275e-37 3.74224680e-38
  1.22424206e-38 7.87470023e-39]
 [8.82111572e-33 4.12818853e-34 5.90502092e-35 1.00000000e+06
  2.54189877e-36 2.65051730e-34 3.01410711e-37 4.03298748e-38
  1.09655185e-38 6.78916906e-39]
 [2.38582885e-36 1.60151041e-36 1.76807684e-36 2.54189877e-36
  1.00000000e+06 2.25900681e-36 3.46177020e-37 9.60051747e-38
  1.44907546e-38 5.79198809e-39]
 [7.73644414e-34 7.26933807e-35 8.75720667e-34 2.65051730e-34
  2.25900681e-36 1.00000000e+06 4.05000204e-37 3.94107780e-38
  1.18443641e-38 7.40454546e-39]
 [3.25873491e-37 2.48446674e-37 4.75571275e-37 3.01410711e-37
  3.46177020e-37 4.05000204e-37 1.00000000e+06 4.36248723e-38
  3.32201521e-38 1.32133574e-38]
 [3.96698468e-38 3.57791970e-38 3.74224680e-38 4.03298748e-38
  9.60051747e-38 3.94107780e-38 4.36248723e-38 1.00000000e+06
  1.99066122e-38 3.04704045e-39]
 [1.11722232e-38 1.01305748e-38 1.22424206e-38 1.09655185e-38
  1.44907546e-38 1.18443641e-38 3.32201521e-38 1.99066122e-38
  1.00000000e+06 9.71677680e-39]
 [6.97873793e-39 6.72134230e-39 7.87470023e-39 6.78916906e-39
  5.79198809e-39 7.40454546e-39 1.32133574e-38 3.04704045e-39
  9.71677680e-39 1.00000000e+06]]
n_body_gravitational_acceleration(): m.shape after extension =  10
extreme_weather_events_n_body_analytics(): gravity of  Sun  at  @0  on  ('2024', '03', '25', '17', '30', '00.000') : [ 8.08799883e-06 -6.74064926e-06 -5.45897833e-07]
extreme_weather_events_n_body_analytics(): gravity of  Moon  at  @0  on  ('2024', '03', '25', '17', '30', '00.000') : [ 5.91667117e-03  4.63980988e-04 -4.67002211e-07]
extreme_weather_events_n_body_analytics(): gravity of  Mars  at  @0  on  ('2024', '03', '25', '17', '30', '00.000') : [-1.88561384e-03  2.40491093e-03  9.64017477e-05]
extreme_weather_events_n_body_analytics(): gravity of  Mercury  at  @0  on  ('2024', '03', '25', '17', '30', '00.000') : [ 0.02997884 -0.04764188 -0.00664284]
extreme_weather_events_n_body_analytics(): gravity of  Jupiter  at  @0  on  ('2024', '03', '25', '17', '30', '00.000') : [-1.42484058e-04 -1.89655499e-04  3.97423944e-06]
extreme_weather_events_n_body_analytics(): gravity of  Venus  at  @0  on  ('2024', '03', '25', '17', '30', '00.000') : [-0.00854368  0.00719832  0.00059184]
extreme_weather_events_n_body_analytics(): gravity of  Saturn  at  @0  on  ('2024', '03', '25', '17', '30', '00.000') : [-5.92059342e-05  2.12458535e-05  1.98671129e-06]
extreme_weather_events_n_body_analytics(): gravity of  Uranus  at  @0  on  ('2024', '03', '25', '17', '30', '00.000') : [-9.46961504e-06 -1.22202913e-05  7.73189091e-08]
extreme_weather_events_n_body_analytics(): gravity of  Neptune  at  @0  on  ('2024', '03', '25', '17', '30', '00.000') : [-6.63497045e-06  3.38669439e-07  1.45896133e-07]
extreme_weather_events_n_body_analytics(): gravity of  Pluto  at  @0  on  ('2024', '03', '25', '17', '30', '00.000') : [-2.42070671e-06  4.20118886e-06  2.50586118e-07]
==============================================================
extreme_weather_events_n_body_analytics(): Pairwise Directed hausdorff Distance of Gravitational Acceleration: (0.0, 0, 0)
extreme_weather_events_n_body_analytics(): Pairwise Directed hausdorff Distance of Gravitational Acceleration: (0.005927304103460099, 0, 0)
extreme_weather_events_n_body_analytics(): Pairwise Directed hausdorff Distance of Gravitational Acceleration: (0.003067828029248941, 0, 0)
extreme_weather_events_n_body_analytics(): Pairwise Directed hausdorff Distance of Gravitational Acceleration: (0.0566698540356226, 0, 0)
extreme_weather_events_n_body_analytics(): Pairwise Directed hausdorff Distance of Gravitational Acceleration: (0.0002369603725102296, 0, 0)
extreme_weather_events_n_body_analytics(): Pairwise Directed hausdorff Distance of Gravitational Acceleration: (0.011198057062282636, 0, 0)
extreme_weather_events_n_body_analytics(): Pairwise Directed hausdorff Distance of Gravitational Acceleration: (7.292552274616098e-05, 0, 0)
extreme_weather_events_n_body_analytics(): Pairwise Directed hausdorff Distance of Gravitational Acceleration: (1.8403387755376974e-05, 0, 0)
extreme_weather_events_n_body_analytics(): Pairwise Directed hausdorff Distance of Gravitational Acceleration: (1.63511821115413e-05, 0, 0)
extreme_weather_events_n_body_analytics(): Pairwise Directed hausdorff Distance of Gravitational Acceleration: (1.5191810299954528e-05, 0, 0)
extreme_weather_events_n_body_analytics(): Pairwise Directed hausdorff Distance of Gravitational Acceleration: (0.005927304103460099, 0, 0)
extreme_weather_events_n_body_analytics(): Pairwise Directed hausdorff Distance of Gravitational Acceleration: (0.0, 0, 0)
extreme_weather_events_n_body_analytics(): Pairwise Directed hausdorff Distance of Gravitational Acceleration: (0.008040661908699526, 0, 0)
extreme_weather_events_n_body_analytics(): Pairwise Directed hausdorff Distance of Gravitational Acceleration: (0.05419670479993959, 0, 0)
extreme_weather_events_n_body_analytics(): Pairwise Directed hausdorff Distance of Gravitational Acceleration: (0.006094310661064754, 0, 0)
extreme_weather_events_n_body_analytics(): Pairwise Directed hausdorff Distance of Gravitational Acceleration: (0.015962575337873357, 0, 0)
extreme_weather_events_n_body_analytics(): Pairwise Directed hausdorff Distance of Gravitational Acceleration: (0.0059922556322916315, 0, 0)
extreme_weather_events_n_body_analytics(): Pairwise Directed hausdorff Distance of Gravitational Acceleration: (0.005945242849284002, 0, 0)
extreme_weather_events_n_body_analytics(): Pairwise Directed hausdorff Distance of Gravitational Acceleration: (0.0059414240874447076, 0, 0)
extreme_weather_events_n_body_analytics(): Pairwise Directed hausdorff Distance of Gravitational Acceleration: (0.005936922317305748, 0, 0)
extreme_weather_events_n_body_analytics(): Pairwise Directed hausdorff Distance of Gravitational Acceleration: (0.003067828029248941, 0, 0)
extreme_weather_events_n_body_analytics(): Pairwise Directed hausdorff Distance of Gravitational Acceleration: (0.008040661908699526, 0, 0)
extreme_weather_events_n_body_analytics(): Pairwise Directed hausdorff Distance of Gravitational Acceleration: (0.0, 0, 0)
extreme_weather_events_n_body_analytics(): Pairwise Directed hausdorff Distance of Gravitational Acceleration: (0.059711321163153086, 0, 0)
extreme_weather_events_n_body_analytics(): Pairwise Directed hausdorff Distance of Gravitational Acceleration: (0.0031271103612965563, 0, 0)
extreme_weather_events_n_body_analytics(): Pairwise Directed hausdorff Distance of Gravitational Acceleration: (0.008219003658605324, 0, 0)
extreme_weather_events_n_body_analytics(): Pairwise Directed hausdorff Distance of Gravitational Acceleration: (0.0030044199459641676, 0, 0)
extreme_weather_events_n_body_analytics(): Pairwise Directed hausdorff Distance of Gravitational Acceleration: (0.0030613263247154, 0, 0)
extreme_weather_events_n_body_analytics(): Pairwise Directed hausdorff Distance of Gravitational Acceleration: (0.0030531613967250725, 0, 0)
extreme_weather_events_n_body_analytics(): Pairwise Directed hausdorff Distance of Gravitational Acceleration: (0.0030527149656326834, 0, 0)
extreme_weather_events_n_body_analytics(): Pairwise Directed hausdorff Distance of Gravitational Acceleration: (0.0566698540356226, 0, 0)
extreme_weather_events_n_body_analytics(): Pairwise Directed hausdorff Distance of Gravitational Acceleration: (0.05419670479993959, 0, 0)
extreme_weather_events_n_body_analytics(): Pairwise Directed hausdorff Distance of Gravitational Acceleration: (0.059711321163153086, 0, 0)
extreme_weather_events_n_body_analytics(): Pairwise Directed hausdorff Distance of Gravitational Acceleration: (0.0, 0, 0)
extreme_weather_events_n_body_analytics(): Pairwise Directed hausdorff Distance of Gravitational Acceleration: (0.05659671121261436, 0, 0)
extreme_weather_events_n_body_analytics(): Pairwise Directed hausdorff Distance of Gravitational Acceleration: (0.06740750658613824, 0, 0)
extreme_weather_events_n_body_analytics(): Pairwise Directed hausdorff Distance of Gravitational Acceleration: (0.05672928080043445, 0, 0)
extreme_weather_events_n_body_analytics(): Pairwise Directed hausdorff Distance of Gravitational Acceleration: (0.05667460945500102, 0, 0)
extreme_weather_events_n_body_analytics(): Pairwise Directed hausdorff Distance of Gravitational Acceleration: (0.056683672953019223, 0, 0)
extreme_weather_events_n_body_analytics(): Pairwise Directed hausdorff Distance of Gravitational Acceleration: (0.05668470258963435, 0, 0)
extreme_weather_events_n_body_analytics(): Pairwise Directed hausdorff Distance of Gravitational Acceleration: (0.0002369603725102296, 0, 0)
extreme_weather_events_n_body_analytics(): Pairwise Directed hausdorff Distance of Gravitational Acceleration: (0.006094310661064754, 0, 0)
extreme_weather_events_n_body_analytics(): Pairwise Directed hausdorff Distance of Gravitational Acceleration: (0.0031271103612965563, 0, 0)
extreme_weather_events_n_body_analytics(): Pairwise Directed hausdorff Distance of Gravitational Acceleration: (0.05659671121261436, 0, 0)
extreme_weather_events_n_body_analytics(): Pairwise Directed hausdorff Distance of Gravitational Acceleration: (0.0, 0, 0)
extreme_weather_events_n_body_analytics(): Pairwise Directed hausdorff Distance of Gravitational Acceleration: (0.011203025800043526, 0, 0)
extreme_weather_events_n_body_analytics(): Pairwise Directed hausdorff Distance of Gravitational Acceleration: (0.00022675664625367928, 0, 0)
extreme_weather_events_n_body_analytics(): Pairwise Directed hausdorff Distance of Gravitational Acceleration: (0.00022179107489886477, 0, 0)
extreme_weather_events_n_body_analytics(): Pairwise Directed hausdorff Distance of Gravitational Acceleration: (0.0002335966926028253, 0, 0)
extreme_weather_events_n_body_analytics(): Pairwise Directed hausdorff Distance of Gravitational Acceleration: (0.00023919034961849203, 0, 0)
extreme_weather_events_n_body_analytics(): Pairwise Directed hausdorff Distance of Gravitational Acceleration: (0.011198057062282636, 0, 0)
extreme_weather_events_n_body_analytics(): Pairwise Directed hausdorff Distance of Gravitational Acceleration: (0.015962575337873357, 0, 0)
extreme_weather_events_n_body_analytics(): Pairwise Directed hausdorff Distance of Gravitational Acceleration: (0.008219003658605324, 0, 0)
extreme_weather_events_n_body_analytics(): Pairwise Directed hausdorff Distance of Gravitational Acceleration: (0.06740750658613824, 0, 0)
extreme_weather_events_n_body_analytics(): Pairwise Directed hausdorff Distance of Gravitational Acceleration: (0.011203025800043526, 0, 0)
extreme_weather_events_n_body_analytics(): Pairwise Directed hausdorff Distance of Gravitational Acceleration: (0.0, 0, 0)
extreme_weather_events_n_body_analytics(): Pairwise Directed hausdorff Distance of Gravitational Acceleration: (0.011128546484224464, 0, 0)
extreme_weather_events_n_body_analytics(): Pairwise Directed hausdorff Distance of Gravitational Acceleration: (0.011188152097323087, 0, 0)
extreme_weather_events_n_body_analytics(): Pairwise Directed hausdorff Distance of Gravitational Acceleration: (0.011182222548963396, 0, 0)
extreme_weather_events_n_body_analytics(): Pairwise Directed hausdorff Distance of Gravitational Acceleration: (0.011182949520310069, 0, 0)
extreme_weather_events_n_body_analytics(): Pairwise Directed hausdorff Distance of Gravitational Acceleration: (7.292552274616098e-05, 0, 0)
extreme_weather_events_n_body_analytics(): Pairwise Directed hausdorff Distance of Gravitational Acceleration: (0.0059922556322916315, 0, 0)
extreme_weather_events_n_body_analytics(): Pairwise Directed hausdorff Distance of Gravitational Acceleration: (0.0030044199459641676, 0, 0)
extreme_weather_events_n_body_analytics(): Pairwise Directed hausdorff Distance of Gravitational Acceleration: (0.05672928080043445, 0, 0)
extreme_weather_events_n_body_analytics(): Pairwise Directed hausdorff Distance of Gravitational Acceleration: (0.00022675664625367928, 0, 0)
extreme_weather_events_n_body_analytics(): Pairwise Directed hausdorff Distance of Gravitational Acceleration: (0.011128546484224464, 0, 0)
extreme_weather_events_n_body_analytics(): Pairwise Directed hausdorff Distance of Gravitational Acceleration: (0.0, 0, 0)
extreme_weather_events_n_body_analytics(): Pairwise Directed hausdorff Distance of Gravitational Acceleration: (5.9977746464573684e-05, 0, 0)
extreme_weather_events_n_body_analytics(): Pairwise Directed hausdorff Distance of Gravitational Acceleration: (5.660569914259631e-05, 0, 0)
extreme_weather_events_n_body_analytics(): Pairwise Directed hausdorff Distance of Gravitational Acceleration: (5.931354638649303e-05, 0, 0)
extreme_weather_events_n_body_analytics(): Pairwise Directed hausdorff Distance of Gravitational Acceleration: (1.8403387755376974e-05, 0, 0)
extreme_weather_events_n_body_analytics(): Pairwise Directed hausdorff Distance of Gravitational Acceleration: (0.005945242849284002, 0, 0)
extreme_weather_events_n_body_analytics(): Pairwise Directed hausdorff Distance of Gravitational Acceleration: (0.0030613263247154, 0, 0)
extreme_weather_events_n_body_analytics(): Pairwise Directed hausdorff Distance of Gravitational Acceleration: (0.05667460945500102, 0, 0)
extreme_weather_events_n_body_analytics(): Pairwise Directed hausdorff Distance of Gravitational Acceleration: (0.00022179107489886477, 0, 0)
extreme_weather_events_n_body_analytics(): Pairwise Directed hausdorff Distance of Gravitational Acceleration: (0.011188152097323087, 0, 0)
extreme_weather_events_n_body_analytics(): Pairwise Directed hausdorff Distance of Gravitational Acceleration: (5.9977746464573684e-05, 0, 0)
extreme_weather_events_n_body_analytics(): Pairwise Directed hausdorff Distance of Gravitational Acceleration: (0.0, 0, 0)
extreme_weather_events_n_body_analytics(): Pairwise Directed hausdorff Distance of Gravitational Acceleration: (1.2875069245458827e-05, 0, 0)
extreme_weather_events_n_body_analytics(): Pairwise Directed hausdorff Distance of Gravitational Acceleration: (1.7871265806847733e-05, 0, 0)
extreme_weather_events_n_body_analytics(): Pairwise Directed hausdorff Distance of Gravitational Acceleration: (1.63511821115413e-05, 0, 0)
extreme_weather_events_n_body_analytics(): Pairwise Directed hausdorff Distance of Gravitational Acceleration: (0.0059414240874447076, 0, 0)
extreme_weather_events_n_body_analytics(): Pairwise Directed hausdorff Distance of Gravitational Acceleration: (0.0030531613967250725, 0, 0)
extreme_weather_events_n_body_analytics(): Pairwise Directed hausdorff Distance of Gravitational Acceleration: (0.056683672953019223, 0, 0)
extreme_weather_events_n_body_analytics(): Pairwise Directed hausdorff Distance of Gravitational Acceleration: (0.0002335966926028253, 0, 0)
extreme_weather_events_n_body_analytics(): Pairwise Directed hausdorff Distance of Gravitational Acceleration: (0.011182222548963396, 0, 0)
extreme_weather_events_n_body_analytics(): Pairwise Directed hausdorff Distance of Gravitational Acceleration: (5.660569914259631e-05, 0, 0)
extreme_weather_events_n_body_analytics(): Pairwise Directed hausdorff Distance of Gravitational Acceleration: (1.2875069245458827e-05, 0, 0)
extreme_weather_events_n_body_analytics(): Pairwise Directed hausdorff Distance of Gravitational Acceleration: (0.0, 0, 0)
extreme_weather_events_n_body_analytics(): Pairwise Directed hausdorff Distance of Gravitational Acceleration: (5.717520020733725e-06, 0, 0)
extreme_weather_events_n_body_analytics(): Pairwise Directed hausdorff Distance of Gravitational Acceleration: (1.5191810299954528e-05, 0, 0)
extreme_weather_events_n_body_analytics(): Pairwise Directed hausdorff Distance of Gravitational Acceleration: (0.005936922317305748, 0, 0)
extreme_weather_events_n_body_analytics(): Pairwise Directed hausdorff Distance of Gravitational Acceleration: (0.0030527149656326834, 0, 0)
extreme_weather_events_n_body_analytics(): Pairwise Directed hausdorff Distance of Gravitational Acceleration: (0.05668470258963435, 0, 0)
extreme_weather_events_n_body_analytics(): Pairwise Directed hausdorff Distance of Gravitational Acceleration: (0.00023919034961849203, 0, 0)
extreme_weather_events_n_body_analytics(): Pairwise Directed hausdorff Distance of Gravitational Acceleration: (0.011182949520310069, 0, 0)
extreme_weather_events_n_body_analytics(): Pairwise Directed hausdorff Distance of Gravitational Acceleration: (5.931354638649303e-05, 0, 0)
extreme_weather_events_n_body_analytics(): Pairwise Directed hausdorff Distance of Gravitational Acceleration: (1.7871265806847733e-05, 0, 0)
extreme_weather_events_n_body_analytics(): Pairwise Directed hausdorff Distance of Gravitational Acceleration: (5.717520020733725e-06, 0, 0)
extreme_weather_events_n_body_analytics(): Pairwise Directed hausdorff Distance of Gravitational Acceleration: (0.0, 0, 0)
Angular separation of Sun-Mercury on 2024-03-26 17:30:00.000: [71d29m43.69555684s]
datetoks: ['2024', '03', '26']
timetoks: ['17', '30', '00.000']
extreme_weather_events_n_body_analytics(): datesofEWEs =  [('2024', '03', '26', '17', '30', '00.000')]
extreme_weather_events_n_body_analytics(): date: ('2024', '03', '26', '17', '30', '00.000')
datesofEWEs: [('2024', '03', '26', '17', '30', '00.000')]
extreme_weather_events_n_body_analytics(): Horizons Ephemeris query object for date (body : 10 ) =  targetname datetime_jd ...        range               range_rate      
   ---          d      ...          AU                  AU / d        
---------- ----------- ... -------------------- ----------------------
  Sun (10)   2460395.5 ... 0.008295186577598793 -2.305157017203534e-06
#################################################################
extreme_weather_events_n_body_analytics(): Horizons Ephemeris query object for date (body : 301 ) =  targetname datetime_jd ...       range             range_rate     
   ---          d      ...         AU                AU / d       
---------- ----------- ... ----------------- ---------------------
Moon (301)   2460395.5 ... 1.008015366201397 0.0002505267982019106
#################################################################
extreme_weather_events_n_body_analytics(): Horizons Ephemeris query object for date (body : 499 ) =  targetname datetime_jd ...      range             range_rate      
   ---          d      ...        AU                AU / d        
---------- ----------- ... ---------------- ----------------------
Mars (499)   2460395.5 ... 1.39286389957562 -0.0006797506890738182
#################################################################
extreme_weather_events_n_body_analytics(): Horizons Ephemeris query object for date (body : 199 ) =    targetname  datetime_jd ...       range             range_rate    
     ---           d      ...         AU                AU / d      
------------- ----------- ... ------------------ -------------------
Mercury (199)   2460395.5 ... 0.3297972960528765 0.00525291997198779
#################################################################
extreme_weather_events_n_body_analytics(): Horizons Ephemeris query object for date (body : 599 ) =    targetname  datetime_jd ...       range             range_rate     
     ---           d      ...         AU                AU / d       
------------- ----------- ... ----------------- ---------------------
Jupiter (599)   2460395.5 ... 4.995521745607541 0.0002343603502063957
#################################################################
extreme_weather_events_n_body_analytics(): Horizons Ephemeris query object for date (body : 299 ) =   targetname datetime_jd ...       range              range_rate      
    ---          d      ...         AU                 AU / d        
----------- ----------- ... ------------------ ----------------------
Venus (299)   2460395.5 ... 0.7244501229254386 -0.0002200087999607768
#################################################################
extreme_weather_events_n_body_analytics(): Horizons Ephemeris query object for date (body : 699 ) =   targetname  datetime_jd ...       range             range_rate      
    ---           d      ...         AU                AU / d        
------------ ----------- ... ----------------- ----------------------
Saturn (699)   2460395.5 ... 9.707650267794333 -0.0002840648228287767
#################################################################
extreme_weather_events_n_body_analytics(): Horizons Ephemeris query object for date (body : 799 ) =   targetname  datetime_jd ...      range             range_rate     
    ---           d      ...        AU                AU / d       
------------ ----------- ... ---------------- ---------------------
Uranus (799)   2460395.5 ... 19.5924022901664 -0.000162900351996509
#################################################################
extreme_weather_events_n_body_analytics(): Horizons Ephemeris query object for date (body : 899 ) =    targetname  datetime_jd ...       range             range_rate      
     ---           d      ...         AU                AU / d        
------------- ----------- ... ----------------- ----------------------
Neptune (899)   2460395.5 ... 29.89425088639049 -2.016432415674074e-05
#################################################################
extreme_weather_events_n_body_analytics(): Horizons Ephemeris query object for date (body : 999 ) =   targetname datetime_jd ...       range             range_rate     
    ---          d      ...         AU                AU / d       
----------- ----------- ... ----------------- ---------------------
Pluto (999)   2460395.5 ... 34.97957968274758 0.0006774741566505488
#################################################################
n_body_gravitational_acceleration():r= [[-1.12617812e+09 -5.20301499e+08  3.07708923e+07]
 [-1.50060201e+11 -1.48881141e+10  3.37770083e+07]
 [ 1.29467929e+11 -1.63133659e+11 -6.58044751e+09]
 [-3.10175971e+10  3.79088680e+10  5.91297928e+09]
 [ 4.47534647e+11  5.98366882e+11 -1.24949557e+10]
 [ 8.39608507e+10 -6.82804964e+10 -5.80940450e+09]
 [ 1.36619264e+12 -4.90332312e+11 -4.58690552e+10]
 [ 1.79487412e+12  2.31708132e+12 -1.46472919e+10]
 [ 4.46520749e+12 -2.28258506e+11 -9.82045079e+10]
 [ 2.60907374e+12 -4.52798779e+12 -2.70177612e+11]]
n_body_gravitational_acceleration():m= [[1.9890e+30]
 [3.2850e+23]
 [4.8670e+24]
 [5.9720e+24]
 [6.3900e+23]
 [1.8989e+27]
 [5.6830e+26]
 [8.6810e+25]
 [1.0240e+26]
 [1.3090e+22]]
n_body_gravitational_acceleration(): inv_r3.shape =  10
n_body_gravitational_acceleration(): m.shape =  10
n_body_gravitational_acceleration(): extension =  0
n_body_gravitational_acceleration():inv_r3= [[1.00000000e+06 2.98526947e-34 1.10063402e-34 8.47920054e-33
  2.38549883e-36 7.73711305e-34 3.25902472e-37 3.96708301e-38
  1.11722519e-38 6.97833579e-39]
 [2.98526947e-34 1.00000000e+06 3.15487039e-35 4.51425599e-34
  1.59230301e-36 7.22424809e-35 2.48912396e-37 3.57131591e-38
  1.01326721e-38 6.72992252e-39]
 [1.10063402e-34 3.15487039e-35 1.00000000e+06 5.85378938e-35
  1.77909243e-36 8.58737260e-34 4.76972274e-37 3.75041814e-38
  1.22566757e-38 7.87218389e-39]
 [8.47920054e-33 4.51425599e-34 5.85378938e-35 1.00000000e+06
  2.49599369e-36 2.58646821e-34 2.99501894e-37 4.01474667e-38
  1.09352555e-38 6.78797652e-39]
 [2.38549883e-36 1.59230301e-36 1.77909243e-36 2.49599369e-36
  1.00000000e+06 2.28366457e-36 3.45665264e-37 9.60101164e-38
  1.44804761e-38 5.78863109e-39]
 [7.73711305e-34 7.22424809e-35 8.58737260e-34 2.58646821e-34
  2.28366457e-36 1.00000000e+06 4.05990630e-37 3.95318108e-38
  1.18590429e-38 7.39942830e-39]
 [3.25902472e-37 2.48912396e-37 4.76972274e-37 2.99501894e-37
  3.45665264e-37 4.05990630e-37 1.00000000e+06 4.36503087e-38
  3.32278583e-38 1.32069669e-38]
 [3.96708301e-38 3.57131591e-38 3.75041814e-38 4.01474667e-38
  9.60101164e-38 3.95318108e-38 4.36503087e-38 1.00000000e+06
  1.99024131e-38 3.04662988e-39]
 [1.11722519e-38 1.01326721e-38 1.22566757e-38 1.09352555e-38
  1.44804761e-38 1.18590429e-38 3.32278583e-38 1.99024131e-38
  1.00000000e+06 9.71578635e-39]
 [6.97833579e-39 6.72992252e-39 7.87218389e-39 6.78797652e-39
  5.78863109e-39 7.39942830e-39 1.32069669e-38 3.04662988e-39
  9.71578635e-39 1.00000000e+06]]
n_body_gravitational_acceleration(): m.shape after extension =  10
extreme_weather_events_n_body_analytics(): gravity of  Sun  at  @0  on  ('2024', '03', '26', '17', '30', '00.000') : [ 8.26390689e-06 -6.52599302e-06 -5.53616524e-07]
extreme_weather_events_n_body_analytics(): gravity of  Moon  at  @0  on  ('2024', '03', '26', '17', '30', '00.000') : [ 5.90443699e-03  5.68911525e-04 -1.72085879e-07]
extreme_weather_events_n_body_analytics(): gravity of  Mars  at  @0  on  ('2024', '03', '26', '17', '30', '00.000') : [-1.91305943e-03  2.38628570e-03  9.66807818e-05]
extreme_weather_events_n_body_analytics(): gravity of  Mercury  at  @0  on  ('2024', '03', '26', '17', '30', '00.000') : [ 0.03365045 -0.04326049 -0.00662157]
extreme_weather_events_n_body_analytics(): gravity of  Jupiter  at  @0  on  ('2024', '03', '26', '17', '30', '00.000') : [-1.42174326e-04 -1.89862556e-04  3.96814856e-06]
extreme_weather_events_n_body_analytics(): gravity of  Venus  at  @0  on  ('2024', '03', '26', '17', '30', '00.000') : [-0.0087394   0.00695974  0.00059985]
extreme_weather_events_n_body_analytics(): gravity of  Saturn  at  @0  on  ('2024', '03', '26', '17', '30', '00.000') : [-5.92214293e-05  2.12139180e-05  1.98788717e-06]
extreme_weather_events_n_body_analytics(): gravity of  Uranus  at  @0  on  ('2024', '03', '26', '17', '30', '00.000') : [-9.46738647e-06 -1.22223807e-05  7.72818537e-08]
extreme_weather_events_n_body_analytics(): gravity of  Neptune  at  @0  on  ('2024', '03', '26', '17', '30', '00.000') : [-6.63502315e-06  3.37972522e-07  1.45911719e-07]
extreme_weather_events_n_body_analytics(): gravity of  Pluto  at  @0  on  ('2024', '03', '26', '17', '30', '00.000') : [-2.42095100e-06  4.20082292e-06  2.50695228e-07]
==============================================================
extreme_weather_events_n_body_analytics(): Pairwise Directed hausdorff Distance of Gravitational Acceleration: (0.0, 0, 0)
extreme_weather_events_n_body_analytics(): Pairwise Directed hausdorff Distance of Gravitational Acceleration: (0.005924186480016449, 0, 0)
extreme_weather_events_n_body_analytics(): Pairwise Directed hausdorff Distance of Gravitational Acceleration: (0.003070258244839037, 0, 0)
extreme_weather_events_n_body_analytics(): Pairwise Directed hausdorff Distance of Gravitational Acceleration: (0.05519547021837933, 0, 0)
extreme_weather_events_n_body_analytics(): Pairwise Directed hausdorff Distance of Gravitational Acceleration: (0.00023720118762966444, 0, 0)
extreme_weather_events_n_body_analytics(): Pairwise Directed hausdorff Distance of Gravitational Acceleration: (0.011198703991702618, 0, 0)
extreme_weather_events_n_body_analytics(): Pairwise Directed hausdorff Distance of Gravitational Acceleration: (7.300844131987344e-05, 0, 0)
extreme_weather_events_n_body_analytics(): Pairwise Directed hausdorff Distance of Gravitational Acceleration: (1.8634527893132017e-05, 0, 0)
extreme_weather_events_n_body_analytics(): Pairwise Directed hausdorff Distance of Gravitational Acceleration: (1.6418936597127262e-05, 0, 0)
extreme_weather_events_n_body_analytics(): Pairwise Directed hausdorff Distance of Gravitational Acceleration: (1.5161717766668302e-05, 0, 0)
extreme_weather_events_n_body_analytics(): Pairwise Directed hausdorff Distance of Gravitational Acceleration: (0.005924186480016449, 0, 0)
extreme_weather_events_n_body_analytics(): Pairwise Directed hausdorff Distance of Gravitational Acceleration: (0.0, 0, 0)
extreme_weather_events_n_body_analytics(): Pairwise Directed hausdorff Distance of Gravitational Acceleration: (0.008026548422742192, 0, 0)
extreme_weather_events_n_body_analytics(): Pairwise Directed hausdorff Distance of Gravitational Acceleration: (0.05229436506401535, 0, 0)
extreme_weather_events_n_body_analytics(): Pairwise Directed hausdorff Distance of Gravitational Acceleration: (0.006094035082864219, 0, 0)
extreme_weather_events_n_body_analytics(): Pairwise Directed hausdorff Distance of Gravitational Acceleration: (0.015988893560400282, 0, 0)
extreme_weather_events_n_body_analytics(): Pairwise Directed hausdorff Distance of Gravitational Acceleration: (0.005988756049216316, 0, 0)
extreme_weather_events_n_body_analytics(): Pairwise Directed hausdorff Distance of Gravitational Acceleration: (0.005942388542810647, 0, 0)
extreme_weather_events_n_body_analytics(): Pairwise Directed hausdorff Distance of Gravitational Acceleration: (0.005938354003548851, 0, 0)
extreme_weather_events_n_body_analytics(): Pairwise Directed hausdorff Distance of Gravitational Acceleration: (0.005933790443895073, 0, 0)
extreme_weather_events_n_body_analytics(): Pairwise Directed hausdorff Distance of Gravitational Acceleration: (0.003070258244839037, 0, 0)
extreme_weather_events_n_body_analytics(): Pairwise Directed hausdorff Distance of Gravitational Acceleration: (0.008026548422742192, 0, 0)
extreme_weather_events_n_body_analytics(): Pairwise Directed hausdorff Distance of Gravitational Acceleration: (0.0, 0, 0)
extreme_weather_events_n_body_analytics(): Pairwise Directed hausdorff Distance of Gravitational Acceleration: (0.05825398023787128, 0, 0)
extreme_weather_events_n_body_analytics(): Pairwise Directed hausdorff Distance of Gravitational Acceleration: (0.0031274861338798886, 0, 0)
extreme_weather_events_n_body_analytics(): Pairwise Directed hausdorff Distance of Gravitational Acceleration: (0.008232168424641232, 0, 0)
extreme_weather_events_n_body_analytics(): Pairwise Directed hausdorff Distance of Gravitational Acceleration: (0.003006533986145788, 0, 0)
extreme_weather_events_n_body_analytics(): Pairwise Directed hausdorff Distance of Gravitational Acceleration: (0.003063631165179057, 0, 0)
extreme_weather_events_n_body_analytics(): Pairwise Directed hausdorff Distance of Gravitational Acceleration: (0.0030555718870735513, 0, 0)
extreme_weather_events_n_body_analytics(): Pairwise Directed hausdorff Distance of Gravitational Acceleration: (0.003055186822326101, 0, 0)
extreme_weather_events_n_body_analytics(): Pairwise Directed hausdorff Distance of Gravitational Acceleration: (0.05519547021837933, 0, 0)
extreme_weather_events_n_body_analytics(): Pairwise Directed hausdorff Distance of Gravitational Acceleration: (0.05229436506401535, 0, 0)
extreme_weather_events_n_body_analytics(): Pairwise Directed hausdorff Distance of Gravitational Acceleration: (0.05825398023787128, 0, 0)
extreme_weather_events_n_body_analytics(): Pairwise Directed hausdorff Distance of Gravitational Acceleration: (0.0, 0, 0)
extreme_weather_events_n_body_analytics(): Pairwise Directed hausdorff Distance of Gravitational Acceleration: (0.055144520565462964, 0, 0)
extreme_weather_events_n_body_analytics(): Pairwise Directed hausdorff Distance of Gravitational Acceleration: (0.06611444364625454, 0, 0)
extreme_weather_events_n_body_analytics(): Pairwise Directed hausdorff Distance of Gravitational Acceleration: (0.05525865857857389, 0, 0)
extreme_weather_events_n_body_analytics(): Pairwise Directed hausdorff Distance of Gravitational Acceleration: (0.055201892090291735, 0, 0)
extreme_weather_events_n_body_analytics(): Pairwise Directed hausdorff Distance of Gravitational Acceleration: (0.0552100146522955, 0, 0)
extreme_weather_events_n_body_analytics(): Pairwise Directed hausdorff Distance of Gravitational Acceleration: (0.05521048534274994, 0, 0)
extreme_weather_events_n_body_analytics(): Pairwise Directed hausdorff Distance of Gravitational Acceleration: (0.00023720118762966444, 0, 0)
extreme_weather_events_n_body_analytics(): Pairwise Directed hausdorff Distance of Gravitational Acceleration: (0.006094035082864219, 0, 0)
extreme_weather_events_n_body_analytics(): Pairwise Directed hausdorff Distance of Gravitational Acceleration: (0.0031274861338798886, 0, 0)
extreme_weather_events_n_body_analytics(): Pairwise Directed hausdorff Distance of Gravitational Acceleration: (0.055144520565462964, 0, 0)
extreme_weather_events_n_body_analytics(): Pairwise Directed hausdorff Distance of Gravitational Acceleration: (0.0, 0, 0)
extreme_weather_events_n_body_analytics(): Pairwise Directed hausdorff Distance of Gravitational Acceleration: (0.011197507742831401, 0, 0)
extreme_weather_events_n_body_analytics(): Pairwise Directed hausdorff Distance of Gravitational Acceleration: (0.00022680031346547722, 0, 0)
extreme_weather_events_n_body_analytics(): Pairwise Directed hausdorff Distance of Gravitational Acceleration: (0.0002217708329368191, 0, 0)
extreme_weather_events_n_body_analytics(): Pairwise Directed hausdorff Distance of Gravitational Acceleration: (0.0002335845735001465, 0, 0)
