*** Introductory Examples for the NLTK Book ***
Loading text1, ..., text9 and sent1, ..., sent9
Type the name of the text or sentence to view it.
Type: 'texts()' or 'sents()' to list the materials.
text1: Moby Dick by Herman Melville 1851
text2: Sense and Sensibility by Jane Austen 1811
text3: The Book of Genesis
text4: Inaugural Address Corpus
text5: Chat Corpus
text6: Monty Python and the Holy Grail
text7: Wall Street Journal
text8: Personals Corpus
text9: The Man Who Was Thursday by G . K . Chesterton 1908
__init__():timescale now: <Time tt=2459907.882088245>
__init__():timescale now: <Time tt=2459907.8820883785>
Angular separation of Venus-Mercury on 2022-12-08 17:30:00.000: [29d55m40.23048009s]
Angular separation of Venus-Mercury matches bounds for date: 2022-12-08 17:30:00.000
datetoks: ['2022', '12', '08']
timetoks: ['17', '30', '00.000']
extreme_weather_events_n_body_analytics(): datesofEWEs =  [('2022', '12', '08', '17', '30', '00.000')]
extreme_weather_events_n_body_analytics(): date: ('2022', '12', '08', '17', '30', '00.000')
datesofEWEs: [('2022', '12', '08', '17', '30', '00.000')]
extreme_weather_events_n_body_analytics(): Horizons Ephemeris query object for date (body : 10 ) =  targetname datetime_jd ...        range               range_rate      
   ---          d      ...          AU                  AU / d        
---------- ----------- ... -------------------- ----------------------
  Sun (10)   2459921.5 ... 0.009081769451349506 -9.379248183947263e-07
#################################################################
extreme_weather_events_n_body_analytics(): Horizons Ephemeris query object for date (body : 301 ) =  targetname datetime_jd ...       range             range_rate     
   ---          d      ...         AU                AU / d       
---------- ----------- ... ----------------- ---------------------
Moon (301)   2459921.5 ... 0.985873739140527 5.320135055985418e-05
#################################################################
extreme_weather_events_n_body_analytics(): Horizons Ephemeris query object for date (body : 499 ) =  targetname datetime_jd ...       range            range_rate     
   ---          d      ...         AU               AU / d       
---------- ----------- ... ----------------- --------------------
Mars (499)   2459921.5 ... 1.532159287738553 0.001361216936420513
#################################################################
extreme_weather_events_n_body_analytics(): Horizons Ephemeris query object for date (body : 199 ) =    targetname  datetime_jd ...       range             range_rate     
     ---           d      ...         AU                AU / d       
------------- ----------- ... ----------------- ---------------------
Mercury (199)   2459921.5 ... 0.416293957331432 -0.005057413600386873
#################################################################
extreme_weather_events_n_body_analytics(): Horizons Ephemeris query object for date (body : 599 ) =    targetname  datetime_jd ...       range             range_rate      
     ---           d      ...         AU                AU / d        
------------- ----------- ... ----------------- ----------------------
Jupiter (599)   2459921.5 ... 4.942677331100058 -2.303432143166761e-05
#################################################################
extreme_weather_events_n_body_analytics(): Horizons Ephemeris query object for date (body : 299 ) =   targetname datetime_jd ...       range              range_rate      
    ---          d      ...         AU                 AU / d        
----------- ----------- ... ------------------ ----------------------
Venus (299)   2459921.5 ... 0.7253844503699604 -0.0001688471116429402
#################################################################
extreme_weather_events_n_body_analytics(): Horizons Ephemeris query object for date (body : 699 ) =   targetname  datetime_jd ...       range             range_rate      
    ---           d      ...         AU                AU / d        
------------ ----------- ... ----------------- ----------------------
Saturn (699)   2459921.5 ... 9.833942005273943 -0.0002464519916790983
#################################################################
extreme_weather_events_n_body_analytics(): Horizons Ephemeris query object for date (body : 799 ) =   targetname  datetime_jd ...       range             range_rate      
    ---           d      ...         AU                AU / d        
------------ ----------- ... ----------------- ----------------------
Uranus (799)   2459921.5 ... 19.66750286254185 -0.0001538767215338734
#################################################################
extreme_weather_events_n_body_analytics(): Horizons Ephemeris query object for date (body : 899 ) =    targetname  datetime_jd ...       range             range_rate     
     ---           d      ...         AU                AU / d       
------------- ----------- ... ----------------- ---------------------
Neptune (899)   2459921.5 ... 29.90402163602362 -2.14380012091683e-05
#################################################################
extreme_weather_events_n_body_analytics(): Horizons Ephemeris query object for date (body : 999 ) =   targetname datetime_jd ...       range            range_rate     
    ---          d      ...         AU               AU / d       
----------- ----------- ... ----------------- --------------------
Pluto (999)   2459921.5 ... 34.65692051610106 0.000677937019031447
#################################################################
n_body_gravitational_acceleration():r= [[-1.35745460e+09  4.65994237e+07  3.12379535e+07]
 [ 3.55465565e+10  1.43136827e+11  4.19672367e+07]
 [ 5.54768025e+10  2.22368292e+11  3.29657485e+09]
 [ 3.97410838e+10 -4.73403155e+10 -7.61096901e+09]
 [ 7.27963970e+11  1.28524802e+11 -1.68197145e+10]
 [ 2.23054456e+10 -1.06162074e+11 -2.79227609e+09]
 [ 1.20726684e+12 -8.40018190e+11 -3.34611382e+10]
 [ 2.00917257e+12  2.14931108e+12 -1.80465972e+10]
 [ 4.44975804e+12 -4.51505699e+11 -9.32512921e+10]
 [ 2.40840324e+12 -4.58664470e+12 -2.05857001e+11]]
n_body_gravitational_acceleration():m= [[1.9890e+30]
 [3.2850e+23]
 [4.8670e+24]
 [5.9720e+24]
 [6.3900e+23]
 [1.8989e+27]
 [5.6830e+26]
 [8.6810e+25]
 [1.0240e+26]
 [1.3090e+22]]
n_body_gravitational_acceleration(): inv_r3.shape =  10
n_body_gravitational_acceleration(): m.shape =  10
n_body_gravitational_acceleration(): extension =  0
n_body_gravitational_acceleration():inv_r3= [[1.00000000e+06 3.09898095e-34 8.27338234e-35 3.96322684e-33
  2.46035146e-36 7.75393460e-34 3.13350433e-37 3.92265923e-38
  1.11593842e-38 7.17273350e-39]
 [3.09898095e-34 1.00000000e+06 1.82938775e-33 1.44246517e-34
  3.00759935e-36 6.42569044e-35 2.79252304e-37 4.48632446e-38
  1.13093881e-38 6.73360407e-39]
 [8.27338234e-35 1.82938775e-33 1.00000000e+06 5.05872276e-35
  3.19016145e-36 2.77615899e-35 2.59709992e-37 4.83910496e-38
  1.13733053e-38 6.50170179e-39]
 [3.96322684e-33 1.44246517e-34 5.05872276e-35 1.00000000e+06
  2.78930757e-36 4.29061072e-33 3.55652468e-37 3.89419940e-38
  1.15076570e-38 7.43324315e-39]
 [2.46035146e-36 3.00759935e-36 3.19016145e-36 2.78930757e-36
  1.00000000e+06 2.43020552e-36 7.92116481e-37 7.30009183e-38
  1.86999955e-38 7.95583555e-39]
 [7.75393460e-34 6.42569044e-35 2.77615899e-35 4.29061072e-33
  2.43020552e-36 1.00000000e+06 3.69048404e-37 3.68218325e-38
  1.14108130e-38 7.62662809e-39]
 [3.13350433e-37 2.79252304e-37 2.59709992e-37 3.55652468e-37
  7.92116481e-37 3.69048404e-37 1.00000000e+06 3.37282574e-38
  2.86985034e-38 1.63718071e-38]
 [3.92265923e-38 4.48632446e-38 4.83910496e-38 3.89419940e-38
  7.30009183e-38 3.68218325e-38 3.37282574e-38 1.00000000e+06
  2.20264058e-38 3.25097407e-39]
 [1.11593842e-38 1.13093881e-38 1.13733053e-38 1.15076570e-38
  1.86999955e-38 1.14108130e-38 2.86985034e-38 2.20264058e-38
  1.00000000e+06 1.01874982e-38]
 [7.17273350e-39 6.73360407e-39 6.50170179e-39 7.43324315e-39
  7.95583555e-39 7.62662809e-39 1.63718071e-38 3.25097407e-39
  1.01874982e-38 1.00000000e+06]]
n_body_gravitational_acceleration(): m.shape after extension =  10
extreme_weather_events_n_body_analytics(): gravity of  Sun  at  @0  on  ('2022', '12', '08', '17', '30', '00.000') : [ 2.40734083e-06 -1.05147694e-05 -2.89868096e-07]
extreme_weather_events_n_body_analytics(): gravity of  Moon  at  @0  on  ('2022', '12', '08', '17', '30', '00.000') : [-1.51829637e-03 -5.88866996e-03 -4.63354180e-07]
extreme_weather_events_n_body_analytics(): gravity of  Mars  at  @0  on  ('2022', '12', '08', '17', '30', '00.000') : [-6.24319911e-04 -2.44294840e-03 -3.58855635e-05]
extreme_weather_events_n_body_analytics(): gravity of  Mercury  at  @0  on  ('2022', '12', '08', '17', '30', '00.000') : [-0.02163246  0.02489948  0.00402338]
extreme_weather_events_n_body_analytics(): gravity of  Jupiter  at  @0  on  ('2022', '12', '08', '17', '30', '00.000') : [-2.38411590e-04 -4.20637564e-05  5.50763562e-06]
extreme_weather_events_n_body_analytics(): gravity of  Venus  at  @0  on  ('2022', '12', '08', '17', '30', '00.000') : [-0.00243569  0.01093267  0.00029063]
extreme_weather_events_n_body_analytics(): gravity of  Saturn  at  @0  on  ('2022', '12', '08', '17', '30', '00.000') : [-5.03310802e-05  3.49801082e-05  1.39464387e-06]
extreme_weather_events_n_body_analytics(): gravity of  Uranus  at  @0  on  ('2022', '12', '08', '17', '30', '00.000') : [-1.04796355e-05 -1.12068979e-05  9.41792162e-08]
extreme_weather_events_n_body_analytics(): gravity of  Neptune  at  @0  on  ('2022', '12', '08', '17', '30', '00.000') : [-6.60429447e-06  6.69355863e-07  1.38397746e-07]
extreme_weather_events_n_body_analytics(): gravity of  Pluto  at  @0  on  ('2022', '12', '08', '17', '30', '00.000') : [-2.29748897e-06  4.37451559e-06  1.96361274e-07]
==============================================================
extreme_weather_events_n_body_analytics(): Pairwise Directed hausdorff Distance of Gravitational Acceleration: (0.0, 0, 0)
extreme_weather_events_n_body_analytics(): Pairwise Directed hausdorff Distance of Gravitational Acceleration: (0.006071675905454205, 0, 0)
extreme_weather_events_n_body_analytics(): Pairwise Directed hausdorff Distance of Gravitational Acceleration: (0.0025121280752650435, 0, 0)
extreme_weather_events_n_body_analytics(): Pairwise Directed hausdorff Distance of Gravitational Acceleration: (0.03323800593493612, 0, 0)
extreme_weather_events_n_body_analytics(): Pairwise Directed hausdorff Distance of Gravitational Acceleration: (0.00024294589307865625, 0, 0)
extreme_weather_events_n_body_analytics(): Pairwise Directed hausdorff Distance of Gravitational Acceleration: (0.011215271569929505, 0, 0)
extreme_weather_events_n_body_analytics(): Pairwise Directed hausdorff Distance of Gravitational Acceleration: (6.967038486171603e-05, 0, 0)
extreme_weather_events_n_body_analytics(): Pairwise Directed hausdorff Distance of Gravitational Acceleration: (1.2911262296639024e-05, 0, 0)
extreme_weather_events_n_body_analytics(): Pairwise Directed hausdorff Distance of Gravitational Acceleration: (1.4369329870929696e-05, 0, 0)
extreme_weather_events_n_body_analytics(): Pairwise Directed hausdorff Distance of Gravitational Acceleration: (1.5622504626952655e-05, 0, 0)
extreme_weather_events_n_body_analytics(): Pairwise Directed hausdorff Distance of Gravitational Acceleration: (0.006071675905454205, 0, 0)
extreme_weather_events_n_body_analytics(): Pairwise Directed hausdorff Distance of Gravitational Acceleration: (0.0, 0, 0)
extreme_weather_events_n_body_analytics(): Pairwise Directed hausdorff Distance of Gravitational Acceleration: (0.0035599783347559917, 0, 0)
extreme_weather_events_n_body_analytics(): Pairwise Directed hausdorff Distance of Gravitational Acceleration: (0.0369956868722223, 0, 0)
extreme_weather_events_n_body_analytics(): Pairwise Directed hausdorff Distance of Gravitational Acceleration: (0.005985060137679274, 0, 0)
extreme_weather_events_n_body_analytics(): Pairwise Directed hausdorff Distance of Gravitational Acceleration: (0.016848855429569654, 0, 0)
extreme_weather_events_n_body_analytics(): Pairwise Directed hausdorff Distance of Gravitational Acceleration: (0.006102831779174118, 0, 0)
extreme_weather_events_n_body_analytics(): Pairwise Directed hausdorff Distance of Gravitational Acceleration: (0.006067790677973812, 0, 0)
extreme_weather_events_n_body_analytics(): Pairwise Directed hausdorff Distance of Gravitational Acceleration: (0.006080257471595623, 0, 0)
extreme_weather_events_n_body_analytics(): Pairwise Directed hausdorff Distance of Gravitational Acceleration: (0.00608491793569013, 0, 0)
extreme_weather_events_n_body_analytics(): Pairwise Directed hausdorff Distance of Gravitational Acceleration: (0.0025121280752650435, 0, 0)
extreme_weather_events_n_body_analytics(): Pairwise Directed hausdorff Distance of Gravitational Acceleration: (0.0035599783347559917, 0, 0)
extreme_weather_events_n_body_analytics(): Pairwise Directed hausdorff Distance of Gravitational Acceleration: (0.0, 0, 0)
extreme_weather_events_n_body_analytics(): Pairwise Directed hausdorff Distance of Gravitational Acceleration: (0.03471927079594428, 0, 0)
extreme_weather_events_n_body_analytics(): Pairwise Directed hausdorff Distance of Gravitational Acceleration: (0.00243205380261923, 0, 0)
extreme_weather_events_n_body_analytics(): Pairwise Directed hausdorff Distance of Gravitational Acceleration: (0.013501663830594918, 0, 0)
extreme_weather_events_n_body_analytics(): Pairwise Directed hausdorff Distance of Gravitational Acceleration: (0.0025438126269716503, 0, 0)
extreme_weather_events_n_body_analytics(): Pairwise Directed hausdorff Distance of Gravitational Acceleration: (0.0025082785244562107, 0, 0)
extreme_weather_events_n_body_analytics(): Pairwise Directed hausdorff Distance of Gravitational Acceleration: (0.002520741566110995, 0, 0)
extreme_weather_events_n_body_analytics(): Pairwise Directed hausdorff Distance of Gravitational Acceleration: (0.0025253917022218047, 0, 0)
extreme_weather_events_n_body_analytics(): Pairwise Directed hausdorff Distance of Gravitational Acceleration: (0.03323800593493612, 0, 0)
extreme_weather_events_n_body_analytics(): Pairwise Directed hausdorff Distance of Gravitational Acceleration: (0.0369956868722223, 0, 0)
extreme_weather_events_n_body_analytics(): Pairwise Directed hausdorff Distance of Gravitational Acceleration: (0.03471927079594428, 0, 0)
extreme_weather_events_n_body_analytics(): Pairwise Directed hausdorff Distance of Gravitational Acceleration: (0.0, 0, 0)
extreme_weather_events_n_body_analytics(): Pairwise Directed hausdorff Distance of Gravitational Acceleration: (0.03310481848116872, 0, 0)
extreme_weather_events_n_body_analytics(): Pairwise Directed hausdorff Distance of Gravitational Acceleration: (0.024031665152647267, 0, 0)
extreme_weather_events_n_body_analytics(): Pairwise Directed hausdorff Distance of Gravitational Acceleration: (0.03316938053814589, 0, 0)
extreme_weather_events_n_body_analytics(): Pairwise Directed hausdorff Distance of Gravitational Acceleration: (0.033230091491203505, 0, 0)
extreme_weather_events_n_body_analytics(): Pairwise Directed hausdorff Distance of Gravitational Acceleration: (0.033223706515463504, 0, 0)
extreme_weather_events_n_body_analytics(): Pairwise Directed hausdorff Distance of Gravitational Acceleration: (0.03322372659814125, 0, 0)
extreme_weather_events_n_body_analytics(): Pairwise Directed hausdorff Distance of Gravitational Acceleration: (0.00024294589307865625, 0, 0)
extreme_weather_events_n_body_analytics(): Pairwise Directed hausdorff Distance of Gravitational Acceleration: (0.005985060137679274, 0, 0)
extreme_weather_events_n_body_analytics(): Pairwise Directed hausdorff Distance of Gravitational Acceleration: (0.00243205380261923, 0, 0)
extreme_weather_events_n_body_analytics(): Pairwise Directed hausdorff Distance of Gravitational Acceleration: (0.03310481848116872, 0, 0)
extreme_weather_events_n_body_analytics(): Pairwise Directed hausdorff Distance of Gravitational Acceleration: (0.0, 0, 0)
extreme_weather_events_n_body_analytics(): Pairwise Directed hausdorff Distance of Gravitational Acceleration: (0.011196168029939136, 0, 0)
extreme_weather_events_n_body_analytics(): Pairwise Directed hausdorff Distance of Gravitational Acceleration: (0.00020329031420123568, 0, 0)
extreme_weather_events_n_body_analytics(): Pairwise Directed hausdorff Distance of Gravitational Acceleration: (0.00023007482910021397, 0, 0)
extreme_weather_events_n_body_analytics(): Pairwise Directed hausdorff Distance of Gravitational Acceleration: (0.00023577440436383106, 0, 0)
extreme_weather_events_n_body_analytics(): Pairwise Directed hausdorff Distance of Gravitational Acceleration: (0.00024069605592740283, 0, 0)
extreme_weather_events_n_body_analytics(): Pairwise Directed hausdorff Distance of Gravitational Acceleration: (0.011215271569929505, 0, 0)
extreme_weather_events_n_body_analytics(): Pairwise Directed hausdorff Distance of Gravitational Acceleration: (0.016848855429569654, 0, 0)
extreme_weather_events_n_body_analytics(): Pairwise Directed hausdorff Distance of Gravitational Acceleration: (0.013501663830594918, 0, 0)
extreme_weather_events_n_body_analytics(): Pairwise Directed hausdorff Distance of Gravitational Acceleration: (0.024031665152647267, 0, 0)
extreme_weather_events_n_body_analytics(): Pairwise Directed hausdorff Distance of Gravitational Acceleration: (0.011196168029939136, 0, 0)
extreme_weather_events_n_body_analytics(): Pairwise Directed hausdorff Distance of Gravitational Acceleration: (0.0, 0, 0)
extreme_weather_events_n_body_analytics(): Pairwise Directed hausdorff Distance of Gravitational Acceleration: (0.011159449331044928, 0, 0)
extreme_weather_events_n_body_analytics(): Pairwise Directed hausdorff Distance of Gravitational Acceleration: (0.01121314266367475, 0, 0)
extreme_weather_events_n_body_analytics(): Pairwise Directed hausdorff Distance of Gravitational Acceleration: (0.011202390424147796, 0, 0)
extreme_weather_events_n_body_analytics(): Pairwise Directed hausdorff Distance of Gravitational Acceleration: (0.011199708183008856, 0, 0)
extreme_weather_events_n_body_analytics(): Pairwise Directed hausdorff Distance of Gravitational Acceleration: (6.967038486171603e-05, 0, 0)
extreme_weather_events_n_body_analytics(): Pairwise Directed hausdorff Distance of Gravitational Acceleration: (0.006102831779174118, 0, 0)
extreme_weather_events_n_body_analytics(): Pairwise Directed hausdorff Distance of Gravitational Acceleration: (0.0025438126269716503, 0, 0)
extreme_weather_events_n_body_analytics(): Pairwise Directed hausdorff Distance of Gravitational Acceleration: (0.03316938053814589, 0, 0)
extreme_weather_events_n_body_analytics(): Pairwise Directed hausdorff Distance of Gravitational Acceleration: (0.00020329031420123568, 0, 0)
extreme_weather_events_n_body_analytics(): Pairwise Directed hausdorff Distance of Gravitational Acceleration: (0.011159449331044928, 0, 0)
extreme_weather_events_n_body_analytics(): Pairwise Directed hausdorff Distance of Gravitational Acceleration: (0.0, 0, 0)
extreme_weather_events_n_body_analytics(): Pairwise Directed hausdorff Distance of Gravitational Acceleration: (6.1016951640761276e-05, 0, 0)
extreme_weather_events_n_body_analytics(): Pairwise Directed hausdorff Distance of Gravitational Acceleration: (5.5595302616225175e-05, 0, 0)
extreme_weather_events_n_body_analytics(): Pairwise Directed hausdorff Distance of Gravitational Acceleration: (5.6968096943928885e-05, 0, 0)
extreme_weather_events_n_body_analytics(): Pairwise Directed hausdorff Distance of Gravitational Acceleration: (1.2911262296639024e-05, 0, 0)
extreme_weather_events_n_body_analytics(): Pairwise Directed hausdorff Distance of Gravitational Acceleration: (0.006067790677973812, 0, 0)
extreme_weather_events_n_body_analytics(): Pairwise Directed hausdorff Distance of Gravitational Acceleration: (0.0025082785244562107, 0, 0)
extreme_weather_events_n_body_analytics(): Pairwise Directed hausdorff Distance of Gravitational Acceleration: (0.033230091491203505, 0, 0)
extreme_weather_events_n_body_analytics(): Pairwise Directed hausdorff Distance of Gravitational Acceleration: (0.00023007482910021397, 0, 0)
extreme_weather_events_n_body_analytics(): Pairwise Directed hausdorff Distance of Gravitational Acceleration: (0.01121314266367475, 0, 0)
extreme_weather_events_n_body_analytics(): Pairwise Directed hausdorff Distance of Gravitational Acceleration: (6.1016951640761276e-05, 0, 0)
extreme_weather_events_n_body_analytics(): Pairwise Directed hausdorff Distance of Gravitational Acceleration: (0.0, 0, 0)
extreme_weather_events_n_body_analytics(): Pairwise Directed hausdorff Distance of Gravitational Acceleration: (1.2492622932178071e-05, 0, 0)
extreme_weather_events_n_body_analytics(): Pairwise Directed hausdorff Distance of Gravitational Acceleration: (1.7599386662807646e-05, 0, 0)
extreme_weather_events_n_body_analytics(): Pairwise Directed hausdorff Distance of Gravitational Acceleration: (1.4369329870929696e-05, 0, 0)
extreme_weather_events_n_body_analytics(): Pairwise Directed hausdorff Distance of Gravitational Acceleration: (0.006080257471595623, 0, 0)
extreme_weather_events_n_body_analytics(): Pairwise Directed hausdorff Distance of Gravitational Acceleration: (0.002520741566110995, 0, 0)
extreme_weather_events_n_body_analytics(): Pairwise Directed hausdorff Distance of Gravitational Acceleration: (0.033223706515463504, 0, 0)
extreme_weather_events_n_body_analytics(): Pairwise Directed hausdorff Distance of Gravitational Acceleration: (0.00023577440436383106, 0, 0)
extreme_weather_events_n_body_analytics(): Pairwise Directed hausdorff Distance of Gravitational Acceleration: (0.011202390424147796, 0, 0)
extreme_weather_events_n_body_analytics(): Pairwise Directed hausdorff Distance of Gravitational Acceleration: (5.5595302616225175e-05, 0, 0)
extreme_weather_events_n_body_analytics(): Pairwise Directed hausdorff Distance of Gravitational Acceleration: (1.2492622932178071e-05, 0, 0)
extreme_weather_events_n_body_analytics(): Pairwise Directed hausdorff Distance of Gravitational Acceleration: (0.0, 0, 0)
extreme_weather_events_n_body_analytics(): Pairwise Directed hausdorff Distance of Gravitational Acceleration: (5.681561584459917e-06, 0, 0)
extreme_weather_events_n_body_analytics(): Pairwise Directed hausdorff Distance of Gravitational Acceleration: (1.5622504626952655e-05, 0, 0)
extreme_weather_events_n_body_analytics(): Pairwise Directed hausdorff Distance of Gravitational Acceleration: (0.00608491793569013, 0, 0)
extreme_weather_events_n_body_analytics(): Pairwise Directed hausdorff Distance of Gravitational Acceleration: (0.0025253917022218047, 0, 0)
extreme_weather_events_n_body_analytics(): Pairwise Directed hausdorff Distance of Gravitational Acceleration: (0.03322372659814125, 0, 0)
extreme_weather_events_n_body_analytics(): Pairwise Directed hausdorff Distance of Gravitational Acceleration: (0.00024069605592740283, 0, 0)
extreme_weather_events_n_body_analytics(): Pairwise Directed hausdorff Distance of Gravitational Acceleration: (0.011199708183008856, 0, 0)
extreme_weather_events_n_body_analytics(): Pairwise Directed hausdorff Distance of Gravitational Acceleration: (5.6968096943928885e-05, 0, 0)
extreme_weather_events_n_body_analytics(): Pairwise Directed hausdorff Distance of Gravitational Acceleration: (1.7599386662807646e-05, 0, 0)
extreme_weather_events_n_body_analytics(): Pairwise Directed hausdorff Distance of Gravitational Acceleration: (5.681561584459917e-06, 0, 0)
extreme_weather_events_n_body_analytics(): Pairwise Directed hausdorff Distance of Gravitational Acceleration: (0.0, 0, 0)
Angular separation of Venus-Mercury on 2022-12-09 17:30:00.000: [31d49m19.77850155s]
datetoks: ['2022', '12', '09']
timetoks: ['17', '30', '00.000']
extreme_weather_events_n_body_analytics(): datesofEWEs =  [('2022', '12', '09', '17', '30', '00.000')]
extreme_weather_events_n_body_analytics(): date: ('2022', '12', '09', '17', '30', '00.000')
datesofEWEs: [('2022', '12', '09', '17', '30', '00.000')]
extreme_weather_events_n_body_analytics(): Horizons Ephemeris query object for date (body : 10 ) =  targetname datetime_jd ...        range               range_rate      
   ---          d      ...          AU                  AU / d        
---------- ----------- ... -------------------- ----------------------
  Sun (10)   2459922.5 ... 0.009080829599117653 -9.417853207737007e-07
#################################################################
extreme_weather_events_n_body_analytics(): Horizons Ephemeris query object for date (body : 301 ) =  targetname datetime_jd ...       range              range_rate      
   ---          d      ...         AU                 AU / d        
---------- ----------- ... ------------------ ----------------------
Moon (301)   2459922.5 ... 0.9858781444076009 -4.395225905909534e-05
#################################################################
extreme_weather_events_n_body_analytics(): Horizons Ephemeris query object for date (body : 499 ) =  targetname datetime_jd ...       range            range_rate     
   ---          d      ...         AU               AU / d       
---------- ----------- ... ----------------- --------------------
Mars (499)   2459922.5 ... 1.533519495235446 0.001359180489070677
#################################################################
extreme_weather_events_n_body_analytics(): Horizons Ephemeris query object for date (body : 199 ) =    targetname  datetime_jd ...       range             range_rate     
     ---           d      ...         AU                AU / d       
------------- ----------- ... ------------------ --------------------
Mercury (199)   2459922.5 ... 0.4111433059715921 -0.00524146964993391
#################################################################
extreme_weather_events_n_body_analytics(): Horizons Ephemeris query object for date (body : 599 ) =    targetname  datetime_jd ...       range             range_rate      
     ---           d      ...         AU                AU / d        
------------- ----------- ... ----------------- ----------------------
Jupiter (599)   2459922.5 ... 4.942654867514076 -2.233046137584938e-05
#################################################################
extreme_weather_events_n_body_analytics(): Horizons Ephemeris query object for date (body : 299 ) =   targetname datetime_jd ...       range              range_rate      
    ---          d      ...         AU                 AU / d        
----------- ----------- ... ------------------ ----------------------
Venus (299)   2459922.5 ... 0.7252147842786832 -0.0001704657499627828
#################################################################
extreme_weather_events_n_body_analytics(): Horizons Ephemeris query object for date (body : 699 ) =   targetname  datetime_jd ...       range             range_rate      
    ---           d      ...         AU                AU / d        
------------ ----------- ... ----------------- ----------------------
Saturn (699)   2459922.5 ... 9.833695548819865 -0.0002464360147600758
#################################################################
extreme_weather_events_n_body_analytics(): Horizons Ephemeris query object for date (body : 799 ) =   targetname  datetime_jd ...       range             range_rate      
    ---           d      ...         AU                AU / d        
------------ ----------- ... ----------------- ----------------------
Uranus (799)   2459922.5 ... 19.66734894067546 -0.0001539391970199499
#################################################################
extreme_weather_events_n_body_analytics(): Horizons Ephemeris query object for date (body : 899 ) =    targetname  datetime_jd ...      range             range_rate      
     ---           d      ...        AU                AU / d        
------------- ----------- ... ---------------- ----------------------
Neptune (899)   2459922.5 ... 29.9040002205616 -2.139295071930537e-05
#################################################################
extreme_weather_events_n_body_analytics(): Horizons Ephemeris query object for date (body : 999 ) =   targetname datetime_jd ...       range             range_rate     
    ---          d      ...         AU                AU / d       
----------- ----------- ... ----------------- ---------------------
Pluto (999)   2459922.5 ... 34.65759500866011 0.0006714473507220711
#################################################################
n_body_gravitational_acceleration():r= [[-1.35735941e+09  4.52473453e+07  3.12469771e+07]
 [ 3.29250885e+10  1.43763144e+11  4.81442719e+07]
 [ 5.35257185e+10  2.23054338e+11  3.35885193e+09]
 [ 4.20010967e+10 -4.42902683e+10 -7.56889140e+09]
 [ 7.27753991e+11  1.29689325e+11 -1.68198438e+10]
 [ 2.52290691e+10 -1.05475069e+11 -2.95151161e+09]
 [ 1.20769650e+12 -8.39334585e+11 -3.34901327e+10]
 [ 2.00873837e+12  2.14968544e+12 -1.80396024e+10]
 [ 4.44980226e+12 -4.51035710e+11 -9.32619535e+10]
 [ 2.40882955e+12 -4.58652884e+12 -2.05991476e+11]]
n_body_gravitational_acceleration():m= [[1.9890e+30]
 [3.2850e+23]
 [4.8670e+24]
 [5.9720e+24]
 [6.3900e+23]
 [1.8989e+27]
 [5.6830e+26]
 [8.6810e+25]
 [1.0240e+26]
 [1.3090e+22]]
n_body_gravitational_acceleration(): inv_r3.shape =  10
n_body_gravitational_acceleration(): m.shape =  10
n_body_gravitational_acceleration(): extension =  0
n_body_gravitational_acceleration():inv_r3= [[1.00000000e+06 3.10038630e-34 8.25256125e-35 4.10055646e-33
  2.46038803e-36 7.75188834e-34 3.13374260e-37 3.92274841e-38
  1.11594098e-38 7.17231952e-39]
 [3.10038630e-34 1.00000000e+06 1.81430197e-33 1.49477314e-34
  2.97656594e-36 6.44823746e-35 2.77995531e-37 4.47985147e-38
  1.12891359e-38 6.72663720e-39]
 [8.25256125e-35 1.81430197e-33 1.00000000e+06 5.20583975e-35
  3.16689132e-36 2.78755712e-35 2.58839973e-37 4.83454871e-38
  1.13579261e-38 6.49601199e-39]
 [4.10055646e-33 1.49477314e-34 5.20583975e-35 1.00000000e+06
  2.82324620e-36 3.88533816e-33 3.55789007e-37 3.90924824e-38
  1.15230160e-38 7.42559133e-39]
 [2.46038803e-36 2.97656594e-36 3.16689132e-36 2.82324620e-36
  1.00000000e+06 2.45809633e-36 7.90546149e-37 7.30730358e-38
  1.86946611e-38 7.95009380e-39]
 [7.75188834e-34 6.44823746e-35 2.78755712e-35 3.88533816e-33
  2.45809633e-36 1.00000000e+06 3.70737304e-37 3.69121686e-38
  1.14328537e-38 7.62964453e-39]
 [3.13374260e-37 2.77995531e-37 2.58839973e-37 3.55789007e-37
  7.90546149e-37 3.70737304e-37 1.00000000e+06 3.37453363e-38
  2.87092705e-38 1.63650278e-38]
 [3.92274841e-38 4.47985147e-38 4.83454871e-38 3.90924824e-38
  7.30730358e-38 3.69121686e-38 3.37453363e-38 1.00000000e+06
  2.20216280e-38 3.25052214e-39]
 [1.11594098e-38 1.12891359e-38 1.13579261e-38 1.15230160e-38
  1.86946611e-38 1.14328537e-38 2.87092705e-38 2.20216280e-38
  1.00000000e+06 1.01864951e-38]
 [7.17231952e-39 6.72663720e-39 6.49601199e-39 7.42559133e-39
  7.95009380e-39 7.62964453e-39 1.63650278e-38 3.25052214e-39
  1.01864951e-38 1.00000000e+06]]
n_body_gravitational_acceleration(): m.shape after extension =  10
extreme_weather_events_n_body_analytics(): gravity of  Sun  at  @0  on  ('2022', '12', '09', '17', '30', '00.000') : [ 2.69982800e-06 -1.04419775e-05 -3.05788472e-07]
extreme_weather_events_n_body_analytics(): gravity of  Moon  at  @0  on  ('2022', '12', '09', '17', '30', '00.000') : [-1.41104054e-03 -5.91718037e-03 -7.18846809e-07]
extreme_weather_events_n_body_analytics(): gravity of  Mars  at  @0  on  ('2022', '12', '09', '17', '30', '00.000') : [-6.01356206e-04 -2.44433887e-03 -3.64783597e-05]
extreme_weather_events_n_body_analytics(): gravity of  Mercury  at  @0  on  ('2022', '12', '09', '17', '30', '00.000') : [-0.02361069  0.02410419  0.00413946]
extreme_weather_events_n_body_analytics(): gravity of  Jupiter  at  @0  on  ('2022', '12', '09', '17', '30', '00.000') : [-2.38348045e-04 -4.24461154e-05  5.50776282e-06]
extreme_weather_events_n_body_analytics(): gravity of  Venus  at  @0  on  ('2022', '12', '09', '17', '30', '00.000') : [-0.00273591  0.01085894  0.00030694]
extreme_weather_events_n_body_analytics(): gravity of  Saturn  at  @0  on  ('2022', '12', '09', '17', '30', '00.000') : [-5.03529092e-05  3.49544279e-05  1.39595684e-06]
extreme_weather_events_n_body_analytics(): gravity of  Uranus  at  @0  on  ('2022', '12', '09', '17', '30', '00.000') : [-1.04776185e-05 -1.12091347e-05  9.41443205e-08]
extreme_weather_events_n_body_analytics(): gravity of  Neptune  at  @0  on  ('2022', '12', '09', '17', '30', '00.000') : [-6.60438407e-06  6.68660419e-07  1.38413914e-07]
extreme_weather_events_n_body_analytics(): gravity of  Pluto  at  @0  on  ('2022', '12', '09', '17', '30', '00.000') : [-2.29776058e-06  4.37415355e-06  1.96478092e-07]
==============================================================
extreme_weather_events_n_body_analytics(): Pairwise Directed hausdorff Distance of Gravitational Acceleration: (0.0, 0, 0)
extreme_weather_events_n_body_analytics(): Pairwise Directed hausdorff Distance of Gravitational Acceleration: (0.006073567361824203, 0, 0)
extreme_weather_events_n_body_analytics(): Pairwise Directed hausdorff Distance of Gravitational Acceleration: (0.0025079964602608535, 0, 0)
extreme_weather_events_n_body_analytics(): Pairwise Directed hausdorff Distance of Gravitational Acceleration: (0.034003606812195386, 0, 0)
extreme_weather_events_n_body_analytics(): Pairwise Directed hausdorff Distance of Gravitational Acceleration: (0.00024323268577390808, 0, 0)
extreme_weather_events_n_body_analytics(): Pairwise Directed hausdorff Distance of Gravitational Acceleration: (0.0112132925898131, 0, 0)
extreme_weather_events_n_body_analytics(): Pairwise Directed hausdorff Distance of Gravitational Acceleration: (6.984498894394173e-05, 0, 0)
extreme_weather_events_n_body_analytics(): Pairwise Directed hausdorff Distance of Gravitational Acceleration: (1.3205815854261033e-05, 0, 0)
extreme_weather_events_n_body_analytics(): Pairwise Directed hausdorff Distance of Gravitational Acceleration: (1.4498687970539358e-05, 0, 0)
extreme_weather_events_n_body_analytics(): Pairwise Directed hausdorff Distance of Gravitational Acceleration: (1.5644356892110287e-05, 0, 0)
extreme_weather_events_n_body_analytics(): Pairwise Directed hausdorff Distance of Gravitational Acceleration: (0.006073567361824203, 0, 0)
extreme_weather_events_n_body_analytics(): Pairwise Directed hausdorff Distance of Gravitational Acceleration: (0.0, 0, 0)
extreme_weather_events_n_body_analytics(): Pairwise Directed hausdorff Distance of Gravitational Acceleration: (0.003566159778223871, 0, 0)
extreme_weather_events_n_body_analytics(): Pairwise Directed hausdorff Distance of Gravitational Acceleration: (0.03756658224736231, 0, 0)
extreme_weather_events_n_body_analytics(): Pairwise Directed hausdorff Distance of Gravitational Acceleration: (0.005990638453492015, 0, 0)
extreme_weather_events_n_body_analytics(): Pairwise Directed hausdorff Distance of Gravitational Acceleration: (0.01683117052486771, 0, 0)
extreme_weather_events_n_body_analytics(): Pairwise Directed hausdorff Distance of Gravitational Acceleration: (0.00610568456567716, 0, 0)
extreme_weather_events_n_body_analytics(): Pairwise Directed hausdorff Distance of Gravitational Acceleration: (0.00606976716624174, 0, 0)
extreme_weather_events_n_body_analytics(): Pairwise Directed hausdorff Distance of Gravitational Acceleration: (0.00608221825161106, 0, 0)
extreme_weather_events_n_body_analytics(): Pairwise Directed hausdorff Distance of Gravitational Acceleration: (0.006086818963488379, 0, 0)
extreme_weather_events_n_body_analytics(): Pairwise Directed hausdorff Distance of Gravitational Acceleration: (0.0025079964602608535, 0, 0)
extreme_weather_events_n_body_analytics(): Pairwise Directed hausdorff Distance of Gravitational Acceleration: (0.003566159778223871, 0, 0)
extreme_weather_events_n_body_analytics(): Pairwise Directed hausdorff Distance of Gravitational Acceleration: (0.0, 0, 0)
extreme_weather_events_n_body_analytics(): Pairwise Directed hausdorff Distance of Gravitational Acceleration: (0.03537926265419003, 0, 0)
extreme_weather_events_n_body_analytics(): Pairwise Directed hausdorff Distance of Gravitational Acceleration: (0.002429532172663916, 0, 0)
extreme_weather_events_n_body_analytics(): Pairwise Directed hausdorff Distance of Gravitational Acceleration: (0.013477818694765711, 0, 0)
extreme_weather_events_n_body_analytics(): Pairwise Directed hausdorff Distance of Gravitational Acceleration: (0.002540065819690699, 0, 0)
extreme_weather_events_n_body_analytics(): Pairwise Directed hausdorff Distance of Gravitational Acceleration: (0.0025041156874593597, 0, 0)
extreme_weather_events_n_body_analytics(): Pairwise Directed hausdorff Distance of Gravitational Acceleration: (0.0025165715479374268, 0, 0)
extreme_weather_events_n_body_analytics(): Pairwise Directed hausdorff Distance of Gravitational Acceleration: (0.0025211924858640315, 0, 0)
extreme_weather_events_n_body_analytics(): Pairwise Directed hausdorff Distance of Gravitational Acceleration: (0.034003606812195386, 0, 0)
extreme_weather_events_n_body_analytics(): Pairwise Directed hausdorff Distance of Gravitational Acceleration: (0.03756658224736231, 0, 0)
extreme_weather_events_n_body_analytics(): Pairwise Directed hausdorff Distance of Gravitational Acceleration: (0.03537926265419003, 0, 0)
extreme_weather_events_n_body_analytics(): Pairwise Directed hausdorff Distance of Gravitational Acceleration: (0.0, 0, 0)
extreme_weather_events_n_body_analytics(): Pairwise Directed hausdorff Distance of Gravitational Acceleration: (0.03385876436295907, 0, 0)
extreme_weather_events_n_body_analytics(): Pairwise Directed hausdorff Distance of Gravitational Acceleration: (0.025017621282950344, 0, 0)
extreme_weather_events_n_body_analytics(): Pairwise Directed hausdorff Distance of Gravitational Acceleration: (0.033934364878968296, 0, 0)
extreme_weather_events_n_body_analytics(): Pairwise Directed hausdorff Distance of Gravitational Acceleration: (0.03399495271867111, 0, 0)
extreme_weather_events_n_body_analytics(): Pairwise Directed hausdorff Distance of Gravitational Acceleration: (0.033989212153590236, 0, 0)
extreme_weather_events_n_body_analytics(): Pairwise Directed hausdorff Distance of Gravitational Acceleration: (0.0339895685677662, 0, 0)
extreme_weather_events_n_body_analytics(): Pairwise Directed hausdorff Distance of Gravitational Acceleration: (0.00024323268577390808, 0, 0)
extreme_weather_events_n_body_analytics(): Pairwise Directed hausdorff Distance of Gravitational Acceleration: (0.005990638453492015, 0, 0)
extreme_weather_events_n_body_analytics(): Pairwise Directed hausdorff Distance of Gravitational Acceleration: (0.002429532172663916, 0, 0)
extreme_weather_events_n_body_analytics(): Pairwise Directed hausdorff Distance of Gravitational Acceleration: (0.03385876436295907, 0, 0)
extreme_weather_events_n_body_analytics(): Pairwise Directed hausdorff Distance of Gravitational Acceleration: (0.0, 0, 0)
extreme_weather_events_n_body_analytics(): Pairwise Directed hausdorff Distance of Gravitational Acceleration: (0.011187894405686022, 0, 0)
extreme_weather_events_n_body_analytics(): Pairwise Directed hausdorff Distance of Gravitational Acceleration: (0.0002033468028721156, 0, 0)
extreme_weather_events_n_body_analytics(): Pairwise Directed hausdorff Distance of Gravitational Acceleration: (0.00023006518126108654, 0, 0)
extreme_weather_events_n_body_analytics(): Pairwise Directed hausdorff Distance of Gravitational Acceleration: (0.00023578133578954825, 0, 0)
extreme_weather_events_n_body_analytics(): Pairwise Directed hausdorff Distance of Gravitational Acceleration: (0.00024070746608822511, 0, 0)
extreme_weather_events_n_body_analytics(): Pairwise Directed hausdorff Distance of Gravitational Acceleration: (0.0112132925898131, 0, 0)
