*** Introductory Examples for the NLTK Book ***
Loading text1, ..., text9 and sent1, ..., sent9
Type the name of the text or sentence to view it.
Type: 'texts()' or 'sents()' to list the materials.
text1: Moby Dick by Herman Melville 1851
text2: Sense and Sensibility by Jane Austen 1811
text3: The Book of Genesis
text4: Inaugural Address Corpus
text5: Chat Corpus
text6: Monty Python and the Holy Grail
text7: Wall Street Journal
text8: Personals Corpus
text9: The Man Who Was Thursday by G . K . Chesterton 1908
__init__():timescale now: <Time tt=2459855.776755932>
extreme_weather_events_n_body_analytics(): datesofEWEs =  [(2017, 8, 17, 1, 0, 0), (2017, 8, 30, 1, 0, 0), (2022, 9, 23, 1, 0, 0), (2020, 5, 20, 1, 0, 0), (2018, 11, 10, 1, 0, 0), (2016, 12, 6, 1, 0, 0), (2011, 12, 25, 1, 0, 0), (2017, 11, 29, 1, 0, 0)]
Angular separations for  Sun-Moon : [<Angle 63deg 35' 41.0">, <Angle 97deg 36' 37.7">, <Angle 33deg 52' 36.9">, <Angle 30deg 22' 33.5">, <Angle 28deg 39' 00.4">, <Angle 73deg 45' 38.6">, <Angle 04deg 17' 26.3">, <Angle 117deg 39' 43.0">]
Angular separations for  Sun-Mars : [<Angle 06deg 45' 26.5">, <Angle 10deg 58' 03.6">, <Angle 102deg 55' 16.0">, <Angle 84deg 49' 16.6">, <Angle 98deg 50' 59.8">, <Angle 65deg 36' 13.0">, <Angle 104deg 37' 05.5">, <Angle 43deg 30' 03.3">]
Angular separations for  Sun-Mercury : [<Angle 17deg 09' 10.0">, <Angle 06deg 44' 48.6">, <Angle 02deg 58' 16.0">, <Angle 16deg 45' 18.9">, <Angle 22deg 58' 13.0">, <Angle 20deg 00' 02.1">, <Angle 21deg 44' 21.7">, <Angle 21deg 02' 06.8">]
Angular separations for  Sun-Jupiter : [<Angle 55deg 04' 19.3">, <Angle 44deg 47' 08.5">, <Angle 175deg 30' 28.7">, <Angle 122deg 18' 03.0">, <Angle 12deg 46' 39.8">, <Angle 56deg 41' 42.6">, <Angle 117deg 29' 03.3">, <Angle 26deg 20' 52.4">]
Angular separations for  Sun-Venus : [<Angle 35deg 10' 50.3">, <Angle 32deg 15' 47.3">, <Angle 07deg 57' 17.9">, <Angle 21deg 42' 14.3">, <Angle 21deg 40' 40.2">, <Angle 43deg 52' 50.7">, <Angle 32deg 26' 50.7">, <Angle 09deg 58' 17.6">]
Angular separations for  Sun-Saturn : [<Angle 116deg 53' 45.4">, <Angle 104deg 19' 29.2">, <Angle 139deg 18' 05.0">, <Angle 117deg 36' 03.7">, <Angle 48deg 08' 47.3">, <Angle 04deg 12' 06.9">, <Angle 65deg 04' 32.2">, <Angle 20deg 33' 58.2">]
Angular separations for  Sun-Uranus : [<Angle 115deg 53' 15.3">, <Angle 128deg 37' 52.9">, <Angle 131deg 26' 10.9">, <Angle 21deg 33' 38.1">, <Angle 162deg 16' 51.9">, <Angle 126deg 26' 23.3">, <Angle 87deg 51' 50.0">, <Angle 138deg 03' 23.8">]
Angular separations for  Sun-Neptune : [<Angle 160deg 57' 06.0">, <Angle 173deg 47' 01.4">, <Angle 173deg 43' 50.2">, <Angle 68deg 50' 46.7">, <Angle 116deg 10' 21.5">, <Angle 84deg 58' 20.5">, <Angle 55deg 50' 31.6">, <Angle 94deg 28' 37.2">]
Angular separations for  Sun-Pluto : [<Angle 142deg 55' 49.0">, <Angle 130deg 11' 20.3">, <Angle 116deg 08' 57.7">, <Angle 124deg 38' 08.7">, <Angle 61deg 34' 22.0">, <Angle 31deg 46' 26.1">, <Angle 05deg 45' 16.9">, <Angle 40deg 45' 23.1">]
Angular separations for  Moon-Sun : [<Angle 63deg 35' 41.0">, <Angle 97deg 36' 37.7">, <Angle 33deg 52' 36.9">, <Angle 30deg 22' 33.5">, <Angle 28deg 39' 00.4">, <Angle 73deg 45' 38.6">, <Angle 04deg 17' 26.3">, <Angle 117deg 39' 43.0">]
Angular separations for  Moon-Mars : [<Angle 57deg 05' 05.4">, <Angle 108deg 21' 52.5">, <Angle 69deg 32' 25.6">, <Angle 54deg 41' 52.2">, <Angle 70deg 34' 09.5">, <Angle 08deg 26' 03.0">, <Angle 108deg 17' 31.5">, <Angle 161deg 02' 57.3">]
Angular separations for  Moon-Mercury : [<Angle 79deg 45' 49.7">, <Angle 103deg 37' 59.1">, <Angle 34deg 55' 49.0">, <Angle 47deg 07' 33.2">, <Angle 08deg 23' 16.0">, <Angle 53deg 58' 09.5">, <Angle 25deg 26' 24.3">, <Angle 96deg 37' 59.0">]
Angular separations for  Moon-Jupiter : [<Angle 118deg 33' 21.5">, <Angle 52deg 54' 52.6">, <Angle 142deg 10' 49.6">, <Angle 92deg 12' 29.3">, <Angle 15deg 55' 51.8">, <Angle 130deg 24' 32.3">, <Angle 113deg 43' 34.8">, <Angle 143deg 59' 20.9">]
Angular separations for  Moon-Venus : [<Angle 28deg 34' 03.0">, <Angle 129deg 43' 34.8">, <Angle 25deg 55' 29.1">, <Angle 52deg 04' 46.5">, <Angle 50deg 19' 37.8">, <Angle 30deg 05' 35.0">, <Angle 28deg 51' 42.5">, <Angle 127deg 37' 59.1">]
Angular separations for  Moon-Saturn : [<Angle 176deg 27' 10.5">, <Angle 07deg 40' 30.0">, <Angle 171deg 58' 31.7">, <Angle 87deg 31' 34.9">, <Angle 19deg 53' 08.9">, <Angle 69deg 45' 05.9">, <Angle 68deg 47' 14.8">, <Angle 97deg 13' 25.1">]
Angular separations for  Moon-Uranus : [<Angle 52deg 28' 57.6">, <Angle 133deg 35' 27.7">, <Angle 97deg 53' 33.4">, <Angle 09deg 25' 26.7">, <Angle 133deg 46' 32.5">, <Angle 52deg 42' 02.3">, <Angle 84deg 06' 05.1">, <Angle 20deg 33' 16.6">]
Angular separations for  Moon-Neptune : [<Angle 97deg 22' 19.0">, <Angle 88deg 35' 34.6">, <Angle 152deg 23' 11.9">, <Angle 38deg 52' 16.9">, <Angle 87deg 47' 02.5">, <Angle 11deg 20' 01.2">, <Angle 52deg 06' 07.4">, <Angle 23deg 23' 24.0">]
Angular separations for  Moon-Pluto : [<Angle 153deg 17' 47.3">, <Angle 32deg 47' 05.4">, <Angle 149deg 39' 00.3">, <Angle 94deg 28' 59.2">, <Angle 33deg 16' 43.5">, <Angle 41deg 59' 46.1">, <Angle 01deg 57' 49.4">, <Angle 77deg 01' 55.8">]
Angular separations for  Mars-Sun : [<Angle 06deg 45' 26.5">, <Angle 10deg 58' 03.6">, <Angle 102deg 55' 16.0">, <Angle 84deg 49' 16.6">, <Angle 98deg 50' 59.8">, <Angle 65deg 36' 13.0">, <Angle 104deg 37' 05.5">, <Angle 43deg 30' 03.3">]
Angular separations for  Mars-Moon : [<Angle 57deg 05' 05.4">, <Angle 108deg 21' 52.5">, <Angle 69deg 32' 25.6">, <Angle 54deg 41' 52.2">, <Angle 70deg 34' 09.5">, <Angle 08deg 26' 03.0">, <Angle 108deg 17' 31.5">, <Angle 161deg 02' 57.3">]
Angular separations for  Mars-Mercury : [<Angle 23deg 53' 13.5">, <Angle 06deg 57' 30.4">, <Angle 103deg 21' 31.4">, <Angle 101deg 30' 36.9">, <Angle 75deg 58' 11.7">, <Angle 45deg 42' 48.8">, <Angle 82deg 53' 39.4">, <Angle 64deg 29' 43.2">]
Angular separations for  Mars-Jupiter : [<Angle 61deg 42' 38.2">, <Angle 55deg 40' 11.7">, <Angle 72deg 52' 13.6">, <Angle 37deg 31' 18.9">, <Angle 86deg 07' 13.0">, <Angle 122deg 17' 55.6">, <Angle 137deg 52' 30.0">, <Angle 17deg 09' 29.1">]
Angular separations for  Mars-Venus : [<Angle 28deg 34' 25.3">, <Angle 21deg 23' 16.0">, <Angle 95deg 06' 55.4">, <Angle 106deg 20' 54.2">, <Angle 120deg 10' 25.9">, <Angle 21deg 46' 55.1">, <Angle 137deg 03' 47.7">, <Angle 33deg 32' 52.1">]
Angular separations for  Mars-Saturn : [<Angle 123deg 31' 03.0">, <Angle 115deg 11' 50.0">, <Angle 117deg 43' 28.8">, <Angle 32deg 49' 58.7">, <Angle 50deg 45' 49.0">, <Angle 61deg 39' 05.6">, <Angle 39deg 32' 35.1">, <Angle 64deg 01' 31.8">]
Angular separations for  Mars-Uranus : [<Angle 109deg 14' 11.4">, <Angle 117deg 43' 58.7">, <Angle 28deg 31' 01.8">, <Angle 63deg 15' 48.3">, <Angle 63deg 25' 52.2">, <Angle 60deg 50' 23.0">, <Angle 167deg 20' 37.9">, <Angle 178deg 22' 44.8">]
Angular separations for  Mars-Neptune : [<Angle 154deg 19' 01.9">, <Angle 162deg 56' 57.8">, <Angle 83deg 12' 37.4">, <Angle 16deg 00' 08.1">, <Angle 17deg 20' 27.0">, <Angle 19deg 22' 38.3">, <Angle 160deg 21' 38.6">, <Angle 137deg 58' 28.3">]
Angular separations for  Mars-Pluto : [<Angle 149deg 32' 29.7">, <Angle 141deg 03' 27.6">, <Angle 140deg 47' 45.2">, <Angle 39deg 49' 31.5">, <Angle 37deg 19' 22.2">, <Angle 33deg 55' 13.7">, <Angle 108deg 34' 36.7">, <Angle 84deg 14' 10.3">]
Angular separations for  Mercury-Sun : [<Angle 17deg 09' 10.0">, <Angle 06deg 44' 48.6">, <Angle 02deg 58' 16.0">, <Angle 16deg 45' 18.9">, <Angle 22deg 58' 13.0">, <Angle 20deg 00' 02.1">, <Angle 21deg 44' 21.7">, <Angle 21deg 02' 06.8">]
Angular separations for  Mercury-Moon : [<Angle 79deg 45' 49.7">, <Angle 103deg 37' 59.1">, <Angle 34deg 55' 49.0">, <Angle 47deg 07' 33.2">, <Angle 08deg 23' 16.0">, <Angle 53deg 58' 09.5">, <Angle 25deg 26' 24.3">, <Angle 96deg 37' 59.0">]
Angular separations for  Mercury-Mars : [<Angle 23deg 53' 13.5">, <Angle 06deg 57' 30.4">, <Angle 103deg 21' 31.4">, <Angle 101deg 30' 36.9">, <Angle 75deg 58' 11.7">, <Angle 45deg 42' 48.8">, <Angle 82deg 53' 39.4">, <Angle 64deg 29' 43.2">]
Angular separations for  Mercury-Jupiter : [<Angle 38deg 51' 45.8">, <Angle 50deg 43' 06.6">, <Angle 174deg 08' 39.1">, <Angle 138deg 53' 56.6">, <Angle 10deg 37' 06.2">, <Angle 76deg 37' 13.3">, <Angle 139deg 09' 56.6">, <Angle 47deg 21' 41.2">]
Angular separations for  Mercury-Venus : [<Angle 51deg 49' 11.5">, <Angle 26deg 43' 05.0">, <Angle 09deg 23' 44.3">, <Angle 04deg 59' 58.7">, <Angle 44deg 15' 04.4">, <Angle 23deg 56' 21.0">, <Angle 54deg 10' 52.4">, <Angle 31deg 00' 20.5">]
Angular separations for  Mercury-Saturn : [<Angle 100deg 23' 16.1">, <Angle 110deg 07' 06.3">, <Angle 138deg 36' 49.3">, <Angle 134deg 12' 09.6">, <Angle 25deg 32' 07.8">, <Angle 16deg 16' 55.5">, <Angle 43deg 21' 40.6">, <Angle 02deg 59' 49.4">]
Angular separations for  Mercury-Uranus : [<Angle 132deg 14' 25.6">, <Angle 122deg 45' 36.6">, <Angle 131deg 50' 38.5">, <Angle 38deg 15' 46.1">, <Angle 139deg 21' 14.4">, <Angle 106deg 31' 55.1">, <Angle 109deg 32' 20.2">, <Angle 117deg 04' 31.4">]
Angular separations for  Mercury-Neptune : [<Angle 174deg 03' 46.0">, <Angle 167deg 17' 38.1">, <Angle 172deg 09' 42.6">, <Angle 85deg 30' 55.2">, <Angle 93deg 18' 36.6">, <Angle 65deg 05' 22.1">, <Angle 77deg 31' 42.6">, <Angle 73deg 30' 54.6">]
Angular separations for  Mercury-Pluto : [<Angle 126deg 17' 45.9">, <Angle 135deg 53' 40.0">, <Angle 115deg 29' 21.0">, <Angle 141deg 16' 06.6">, <Angle 38deg 50' 15.5">, <Angle 12deg 21' 49.6">, <Angle 25deg 55' 04.9">, <Angle 19deg 58' 17.6">]
Angular separations for  Jupiter-Sun : [<Angle 55deg 04' 19.3">, <Angle 44deg 47' 08.5">, <Angle 175deg 30' 28.7">, <Angle 122deg 18' 03.0">, <Angle 12deg 46' 39.8">, <Angle 56deg 41' 42.6">, <Angle 117deg 29' 03.3">, <Angle 26deg 20' 52.4">]
Angular separations for  Jupiter-Moon : [<Angle 118deg 33' 21.5">, <Angle 52deg 54' 52.6">, <Angle 142deg 10' 49.6">, <Angle 92deg 12' 29.3">, <Angle 15deg 55' 51.8">, <Angle 130deg 24' 32.3">, <Angle 113deg 43' 34.8">, <Angle 143deg 59' 20.9">]
Angular separations for  Jupiter-Mars : [<Angle 61deg 42' 38.2">, <Angle 55deg 40' 11.7">, <Angle 72deg 52' 13.6">, <Angle 37deg 31' 18.9">, <Angle 86deg 07' 13.0">, <Angle 122deg 17' 55.6">, <Angle 137deg 52' 30.0">, <Angle 17deg 09' 29.1">]
Angular separations for  Jupiter-Mercury : [<Angle 38deg 51' 45.8">, <Angle 50deg 43' 06.6">, <Angle 174deg 08' 39.1">, <Angle 138deg 53' 56.6">, <Angle 10deg 37' 06.2">, <Angle 76deg 37' 13.3">, <Angle 139deg 09' 56.6">, <Angle 47deg 21' 41.2">]
Angular separations for  Jupiter-Venus : [<Angle 90deg 15' 09.3">, <Angle 77deg 02' 27.7">, <Angle 167deg 59' 08.2">, <Angle 143deg 37' 09.7">, <Angle 34deg 25' 36.0">, <Angle 100deg 33' 17.5">, <Angle 85deg 03' 13.8">, <Angle 16deg 23' 23.3">]
Angular separations for  Jupiter-Saturn : [<Angle 61deg 49' 26.2">, <Angle 59deg 32' 23.9">, <Angle 44deg 51' 25.0">, <Angle 04deg 42' 00.4">, <Angle 35deg 22' 55.7">, <Angle 60deg 40' 00.7">, <Angle 177deg 13' 05.9">, <Angle 46deg 52' 05.8">]
Angular separations for  Jupiter-Uranus : [<Angle 170deg 56' 16.3">, <Angle 173deg 23' 24.7">, <Angle 44deg 22' 53.3">, <Angle 100deg 44' 34.8">, <Angle 149deg 31' 52.3">, <Angle 176deg 49' 05.2">, <Angle 29deg 37' 40.8">, <Angle 164deg 23' 07.3">]
Angular separations for  Jupiter-Neptune : [<Angle 143deg 58' 03.4">, <Angle 141deg 22' 34.9">, <Angle 10deg 20' 38.6">, <Angle 53deg 27' 41.9">, <Angle 103deg 25' 33.6">, <Angle 141deg 39' 49.6">, <Angle 61deg 38' 47.1">, <Angle 120deg 48' 59.6">]
Angular separations for  Jupiter-Pluto : [<Angle 87deg 51' 30.5">, <Angle 85deg 24' 19.6">, <Angle 67deg 58' 47.8">, <Angle 02deg 26' 53.2">, <Angle 48deg 49' 00.5">, <Angle 88deg 25' 24.4">, <Angle 113deg 18' 46.9">, <Angle 67deg 04' 42.8">]
Angular separations for  Venus-Sun : [<Angle 35deg 10' 50.3">, <Angle 32deg 15' 47.3">, <Angle 07deg 57' 17.9">, <Angle 21deg 42' 14.3">, <Angle 21deg 40' 40.2">, <Angle 43deg 52' 50.7">, <Angle 32deg 26' 50.7">, <Angle 09deg 58' 17.6">]
Angular separations for  Venus-Moon : [<Angle 28deg 34' 03.0">, <Angle 129deg 43' 34.8">, <Angle 25deg 55' 29.1">, <Angle 52deg 04' 46.5">, <Angle 50deg 19' 37.8">, <Angle 30deg 05' 35.0">, <Angle 28deg 51' 42.5">, <Angle 127deg 37' 59.1">]
Angular separations for  Venus-Mars : [<Angle 28deg 34' 25.3">, <Angle 21deg 23' 16.0">, <Angle 95deg 06' 55.4">, <Angle 106deg 20' 54.2">, <Angle 120deg 10' 25.9">, <Angle 21deg 46' 55.1">, <Angle 137deg 03' 47.7">, <Angle 33deg 32' 52.1">]
Angular separations for  Venus-Mercury : [<Angle 51deg 49' 11.5">, <Angle 26deg 43' 05.0">, <Angle 09deg 23' 44.3">, <Angle 04deg 59' 58.7">, <Angle 44deg 15' 04.4">, <Angle 23deg 56' 21.0">, <Angle 54deg 10' 52.4">, <Angle 31deg 00' 20.5">]
Angular separations for  Venus-Jupiter : [<Angle 90deg 15' 09.3">, <Angle 77deg 02' 27.7">, <Angle 167deg 59' 08.2">, <Angle 143deg 37' 09.7">, <Angle 34deg 25' 36.0">, <Angle 100deg 33' 17.5">, <Angle 85deg 03' 13.8">, <Angle 16deg 23' 23.3">]
Angular separations for  Venus-Saturn : [<Angle 152deg 04' 35.4">, <Angle 136deg 34' 44.6">, <Angle 147deg 09' 18.4">, <Angle 138deg 56' 07.8">, <Angle 69deg 41' 42.1">, <Angle 39deg 59' 42.6">, <Angle 97deg 31' 13.0">, <Angle 30deg 28' 53.3">]
Angular separations for  Venus-Uranus : [<Angle 80deg 42' 30.8">, <Angle 96deg 22' 12.5">, <Angle 123deg 36' 34.1">, <Angle 43deg 08' 59.7">, <Angle 174deg 52' 45.4">, <Angle 82deg 35' 40.3">, <Angle 55deg 27' 30.2">, <Angle 148deg 00' 02.7">]
Angular separations for  Venus-Neptune : [<Angle 125deg 46' 34.7">, <Angle 141deg 34' 52.5">, <Angle 178deg 18' 38.5">, <Angle 90deg 20' 47.8">, <Angle 137deg 30' 20.1">, <Angle 41deg 09' 11.4">, <Angle 23deg 28' 12.7">, <Angle 104deg 25' 36.3">]
Angular separations for  Venus-Pluto : [<Angle 178deg 06' 36.7">, <Angle 162deg 26' 37.3">, <Angle 124deg 01' 19.7">, <Angle 146deg 00' 52.9">, <Angle 83deg 04' 22.7">, <Angle 12deg 33' 10.9">, <Angle 28deg 45' 38.6">, <Angle 50deg 41' 24.7">]
Angular separations for  Saturn-Sun : [<Angle 116deg 53' 45.4">, <Angle 104deg 19' 29.2">, <Angle 139deg 18' 05.0">, <Angle 117deg 36' 03.7">, <Angle 48deg 08' 47.3">, <Angle 04deg 12' 06.9">, <Angle 65deg 04' 32.2">, <Angle 20deg 33' 58.2">]
Angular separations for  Saturn-Moon : [<Angle 176deg 27' 10.5">, <Angle 07deg 40' 30.0">, <Angle 171deg 58' 31.7">, <Angle 87deg 31' 34.9">, <Angle 19deg 53' 08.9">, <Angle 69deg 45' 05.9">, <Angle 68deg 47' 14.8">, <Angle 97deg 13' 25.1">]
Angular separations for  Saturn-Mars : [<Angle 123deg 31' 03.0">, <Angle 115deg 11' 50.0">, <Angle 117deg 43' 28.8">, <Angle 32deg 49' 58.7">, <Angle 50deg 45' 49.0">, <Angle 61deg 39' 05.6">, <Angle 39deg 32' 35.1">, <Angle 64deg 01' 31.8">]
Angular separations for  Saturn-Mercury : [<Angle 100deg 23' 16.1">, <Angle 110deg 07' 06.3">, <Angle 138deg 36' 49.3">, <Angle 134deg 12' 09.6">, <Angle 25deg 32' 07.8">, <Angle 16deg 16' 55.5">, <Angle 43deg 21' 40.6">, <Angle 02deg 59' 49.4">]
Angular separations for  Saturn-Jupiter : [<Angle 61deg 49' 26.2">, <Angle 59deg 32' 23.9">, <Angle 44deg 51' 25.0">, <Angle 04deg 42' 00.4">, <Angle 35deg 22' 55.7">, <Angle 60deg 40' 00.7">, <Angle 177deg 13' 05.9">, <Angle 46deg 52' 05.8">]
Angular separations for  Saturn-Venus : [<Angle 152deg 04' 35.4">, <Angle 136deg 34' 44.6">, <Angle 147deg 09' 18.4">, <Angle 138deg 56' 07.8">, <Angle 69deg 41' 42.1">, <Angle 39deg 59' 42.6">, <Angle 97deg 31' 13.0">, <Angle 30deg 28' 53.3">]
Angular separations for  Saturn-Uranus : [<Angle 127deg 12' 44.0">, <Angle 127deg 02' 32.1">, <Angle 89deg 14' 06.4">, <Angle 96deg 02' 37.2">, <Angle 114deg 08' 56.6">, <Angle 122deg 27' 05.9">, <Angle 152deg 52' 33.8">, <Angle 117deg 31' 10.2">]
Angular separations for  Saturn-Neptune : [<Angle 82deg 08' 47.4">, <Angle 81deg 50' 22.7">, <Angle 34deg 31' 23.4">, <Angle 48deg 45' 49.7">, <Angle 68deg 02' 52.3">, <Angle 80deg 59' 57.2">, <Angle 120deg 53' 16.2">, <Angle 73deg 57' 07.0">]
Angular separations for  Saturn-Pluto : [<Angle 26deg 02' 05.0">, <Angle 25deg 51' 56.5">, <Angle 23deg 09' 15.6">, <Angle 07deg 04' 51.1">, <Angle 13deg 26' 28.9">, <Angle 27deg 45' 26.3">, <Angle 69deg 09' 21.0">, <Angle 20deg 12' 39.7">]
Angular separations for  Uranus-Sun : [<Angle 115deg 53' 15.3">, <Angle 128deg 37' 52.9">, <Angle 131deg 26' 10.9">, <Angle 21deg 33' 38.1">, <Angle 162deg 16' 51.9">, <Angle 126deg 26' 23.3">, <Angle 87deg 51' 50.0">, <Angle 138deg 03' 23.8">]
Angular separations for  Uranus-Moon : [<Angle 52deg 28' 57.6">, <Angle 133deg 35' 27.7">, <Angle 97deg 53' 33.4">, <Angle 09deg 25' 26.7">, <Angle 133deg 46' 32.5">, <Angle 52deg 42' 02.3">, <Angle 84deg 06' 05.1">, <Angle 20deg 33' 16.6">]
Angular separations for  Uranus-Mars : [<Angle 109deg 14' 11.4">, <Angle 117deg 43' 58.7">, <Angle 28deg 31' 01.8">, <Angle 63deg 15' 48.3">, <Angle 63deg 25' 52.2">, <Angle 60deg 50' 23.0">, <Angle 167deg 20' 37.9">, <Angle 178deg 22' 44.8">]
Angular separations for  Uranus-Mercury : [<Angle 132deg 14' 25.6">, <Angle 122deg 45' 36.6">, <Angle 131deg 50' 38.5">, <Angle 38deg 15' 46.1">, <Angle 139deg 21' 14.4">, <Angle 106deg 31' 55.1">, <Angle 109deg 32' 20.2">, <Angle 117deg 04' 31.4">]
Angular separations for  Uranus-Jupiter : [<Angle 170deg 56' 16.3">, <Angle 173deg 23' 24.7">, <Angle 44deg 22' 53.3">, <Angle 100deg 44' 34.8">, <Angle 149deg 31' 52.3">, <Angle 176deg 49' 05.2">, <Angle 29deg 37' 40.8">, <Angle 164deg 23' 07.3">]
Angular separations for  Uranus-Venus : [<Angle 80deg 42' 30.8">, <Angle 96deg 22' 12.5">, <Angle 123deg 36' 34.1">, <Angle 43deg 08' 59.7">, <Angle 174deg 52' 45.4">, <Angle 82deg 35' 40.3">, <Angle 55deg 27' 30.2">, <Angle 148deg 00' 02.7">]
Angular separations for  Uranus-Saturn : [<Angle 127deg 12' 44.0">, <Angle 127deg 02' 32.1">, <Angle 89deg 14' 06.4">, <Angle 96deg 02' 37.2">, <Angle 114deg 08' 56.6">, <Angle 122deg 27' 05.9">, <Angle 152deg 52' 33.8">, <Angle 117deg 31' 10.2">]
Angular separations for  Uranus-Neptune : [<Angle 45deg 04' 54.2">, <Angle 45deg 13' 04.0">, <Angle 54deg 42' 43.3">, <Angle 47deg 17' 08.6">, <Angle 46deg 06' 36.7">, <Angle 41deg 28' 03.1">, <Angle 32deg 01' 18.6">, <Angle 43deg 34' 46.6">]
Angular separations for  Uranus-Pluto : [<Angle 101deg 10' 51.2">, <Angle 101deg 10' 46.5">, <Angle 112deg 21' 33.4">, <Angle 103deg 04' 30.7">, <Angle 100deg 42' 57.6">, <Angle 94deg 41' 40.7">, <Angle 83deg 43' 13.4">, <Angle 97deg 18' 38.5">]
Angular separations for  Neptune-Sun : [<Angle 160deg 57' 06.0">, <Angle 173deg 47' 01.4">, <Angle 173deg 43' 50.2">, <Angle 68deg 50' 46.7">, <Angle 116deg 10' 21.5">, <Angle 84deg 58' 20.5">, <Angle 55deg 50' 31.6">, <Angle 94deg 28' 37.2">]
Angular separations for  Neptune-Moon : [<Angle 97deg 22' 19.0">, <Angle 88deg 35' 34.6">, <Angle 152deg 23' 11.9">, <Angle 38deg 52' 16.9">, <Angle 87deg 47' 02.5">, <Angle 11deg 20' 01.2">, <Angle 52deg 06' 07.4">, <Angle 23deg 23' 24.0">]
Angular separations for  Neptune-Mars : [<Angle 154deg 19' 01.9">, <Angle 162deg 56' 57.8">, <Angle 83deg 12' 37.4">, <Angle 16deg 00' 08.1">, <Angle 17deg 20' 27.0">, <Angle 19deg 22' 38.3">, <Angle 160deg 21' 38.6">, <Angle 137deg 58' 28.3">]
Angular separations for  Neptune-Mercury : [<Angle 174deg 03' 46.0">, <Angle 167deg 17' 38.1">, <Angle 172deg 09' 42.6">, <Angle 85deg 30' 55.2">, <Angle 93deg 18' 36.6">, <Angle 65deg 05' 22.1">, <Angle 77deg 31' 42.6">, <Angle 73deg 30' 54.6">]
Angular separations for  Neptune-Jupiter : [<Angle 143deg 58' 03.4">, <Angle 141deg 22' 34.9">, <Angle 10deg 20' 38.6">, <Angle 53deg 27' 41.9">, <Angle 103deg 25' 33.6">, <Angle 141deg 39' 49.6">, <Angle 61deg 38' 47.1">, <Angle 120deg 48' 59.6">]
Angular separations for  Neptune-Venus : [<Angle 125deg 46' 34.7">, <Angle 141deg 34' 52.5">, <Angle 178deg 18' 38.5">, <Angle 90deg 20' 47.8">, <Angle 137deg 30' 20.1">, <Angle 41deg 09' 11.4">, <Angle 23deg 28' 12.7">, <Angle 104deg 25' 36.3">]
Angular separations for  Neptune-Saturn : [<Angle 82deg 08' 47.4">, <Angle 81deg 50' 22.7">, <Angle 34deg 31' 23.4">, <Angle 48deg 45' 49.7">, <Angle 68deg 02' 52.3">, <Angle 80deg 59' 57.2">, <Angle 120deg 53' 16.2">, <Angle 73deg 57' 07.0">]
Angular separations for  Neptune-Uranus : [<Angle 45deg 04' 54.2">, <Angle 45deg 13' 04.0">, <Angle 54deg 42' 43.3">, <Angle 47deg 17' 08.6">, <Angle 46deg 06' 36.7">, <Angle 41deg 28' 03.1">, <Angle 32deg 01' 18.6">, <Angle 43deg 34' 46.6">]
Angular separations for  Neptune-Pluto : [<Angle 56deg 06' 43.4">, <Angle 55deg 58' 27.3">, <Angle 57deg 39' 36.9">, <Angle 55deg 47' 22.0">, <Angle 54deg 36' 34.6">, <Angle 53deg 14' 45.0">, <Angle 51deg 47' 15.4">, <Angle 53deg 44' 27.6">]
Angular separations for  Pluto-Sun : [<Angle 142deg 55' 49.0">, <Angle 130deg 11' 20.3">, <Angle 116deg 08' 57.7">, <Angle 124deg 38' 08.7">, <Angle 61deg 34' 22.0">, <Angle 31deg 46' 26.1">, <Angle 05deg 45' 16.9">, <Angle 40deg 45' 23.1">]
Angular separations for  Pluto-Moon : [<Angle 153deg 17' 47.3">, <Angle 32deg 47' 05.4">, <Angle 149deg 39' 00.3">, <Angle 94deg 28' 59.2">, <Angle 33deg 16' 43.5">, <Angle 41deg 59' 46.1">, <Angle 01deg 57' 49.4">, <Angle 77deg 01' 55.8">]
Angular separations for  Pluto-Mars : [<Angle 149deg 32' 29.7">, <Angle 141deg 03' 27.6">, <Angle 140deg 47' 45.2">, <Angle 39deg 49' 31.5">, <Angle 37deg 19' 22.2">, <Angle 33deg 55' 13.7">, <Angle 108deg 34' 36.7">, <Angle 84deg 14' 10.3">]
Angular separations for  Pluto-Mercury : [<Angle 126deg 17' 45.9">, <Angle 135deg 53' 40.0">, <Angle 115deg 29' 21.0">, <Angle 141deg 16' 06.6">, <Angle 38deg 50' 15.5">, <Angle 12deg 21' 49.6">, <Angle 25deg 55' 04.9">, <Angle 19deg 58' 17.6">]
Angular separations for  Pluto-Jupiter : [<Angle 87deg 51' 30.5">, <Angle 85deg 24' 19.6">, <Angle 67deg 58' 47.8">, <Angle 02deg 26' 53.2">, <Angle 48deg 49' 00.5">, <Angle 88deg 25' 24.4">, <Angle 113deg 18' 46.9">, <Angle 67deg 04' 42.8">]
Angular separations for  Pluto-Venus : [<Angle 178deg 06' 36.7">, <Angle 162deg 26' 37.3">, <Angle 124deg 01' 19.7">, <Angle 146deg 00' 52.9">, <Angle 83deg 04' 22.7">, <Angle 12deg 33' 10.9">, <Angle 28deg 45' 38.6">, <Angle 50deg 41' 24.7">]
Angular separations for  Pluto-Saturn : [<Angle 26deg 02' 05.0">, <Angle 25deg 51' 56.5">, <Angle 23deg 09' 15.6">, <Angle 07deg 04' 51.1">, <Angle 13deg 26' 28.9">, <Angle 27deg 45' 26.3">, <Angle 69deg 09' 21.0">, <Angle 20deg 12' 39.7">]
Angular separations for  Pluto-Uranus : [<Angle 101deg 10' 51.2">, <Angle 101deg 10' 46.5">, <Angle 112deg 21' 33.4">, <Angle 103deg 04' 30.7">, <Angle 100deg 42' 57.6">, <Angle 94deg 41' 40.7">, <Angle 83deg 43' 13.4">, <Angle 97deg 18' 38.5">]
Angular separations for  Pluto-Neptune : [<Angle 56deg 06' 43.4">, <Angle 55deg 58' 27.3">, <Angle 57deg 39' 36.9">, <Angle 55deg 47' 22.0">, <Angle 54deg 36' 34.6">, <Angle 53deg 14' 45.0">, <Angle 51deg 47' 15.4">, <Angle 53deg 44' 27.6">]
extreme_weather_events_n_body_analytics(): date: (2017, 8, 17, 1, 0, 0)
extreme_weather_events_n_body_analytics(): Horizons Ephemeris query object for date (body : 10 ) =  targetname datetime_jd ...       range             range_rate      
   ---          d      ...         AU                AU / d        
---------- ----------- ... ----------------- ----------------------
  Sun (10)   2457982.5 ... 1.012449967941156 -0.0001890720557748155
#################################################################
extreme_weather_events_n_body_analytics(): Horizons Ephemeris query object for date (body : 301 ) =  targetname datetime_jd ...        range              range_rate      
   ---          d      ...          AU                 AU / d        
---------- ----------- ... ------------------- ----------------------
Moon (301)   2457982.5 ... 0.00242554515232186 -9.647036287209773e-06
#################################################################
extreme_weather_events_n_body_analytics(): Horizons Ephemeris query object for date (body : 499 ) =  targetname datetime_jd ...       range             range_rate      
   ---          d      ...         AU                AU / d        
---------- ----------- ... ----------------- ----------------------
Mars (499)   2457982.5 ... 2.653961673405482 -0.0007408876502584088
#################################################################
extreme_weather_events_n_body_analytics(): Horizons Ephemeris query object for date (body : 199 ) =    targetname  datetime_jd ...       range              range_rate     
     ---           d      ...         AU                 AU / d       
------------- ----------- ... ------------------ ---------------------
Mercury (199)   2457982.5 ... 0.6473326407573734 -0.008214571752462641
#################################################################
extreme_weather_events_n_body_analytics(): Horizons Ephemeris query object for date (body : 599 ) =    targetname  datetime_jd ...       range            range_rate    
     ---           d      ...         AU               AU / d      
------------- ----------- ... ----------------- -------------------
Jupiter (599)   2457982.5 ... 5.964096229283959 0.01263901282058033
#################################################################
extreme_weather_events_n_body_analytics(): Horizons Ephemeris query object for date (body : 299 ) =   targetname datetime_jd ...       range            range_rate     
    ---          d      ...         AU               AU / d       
----------- ----------- ... ----------------- --------------------
Venus (299)   2457982.5 ... 1.253028980222703 0.006322438141895312
#################################################################
extreme_weather_events_n_body_analytics(): Horizons Ephemeris query object for date (body : 699 ) =   targetname  datetime_jd ...       range            range_rate    
    ---           d      ...         AU               AU / d      
------------ ----------- ... ----------------- -------------------
Saturn (699)   2457982.5 ... 9.561699244468103 0.01479154216916931
#################################################################
extreme_weather_events_n_body_analytics(): Horizons Ephemeris query object for date (body : 799 ) =   targetname  datetime_jd ...       range            range_rate     
    ---           d      ...         AU               AU / d       
------------ ----------- ... ----------------- --------------------
Uranus (799)   2457982.5 ... 19.45494552753553 -0.01513716518194411
#################################################################
extreme_weather_events_n_body_analytics(): Horizons Ephemeris query object for date (body : 899 ) =    targetname  datetime_jd ...       range             range_rate     
     ---           d      ...         AU                AU / d       
------------- ----------- ... ----------------- ---------------------
Neptune (899)   2457982.5 ... 28.98863693273312 -0.005354374185621659
#################################################################
extreme_weather_events_n_body_analytics(): Horizons Ephemeris query object for date (body : 999 ) =   targetname datetime_jd ...       range            range_rate    
    ---          d      ...         AU               AU / d      
----------- ----------- ... ----------------- -------------------
Pluto (999)   2457982.5 ... 32.57406739524139 0.01095666973116319
#################################################################
n_body_gravitational_acceleration():r= [[-1.22615185e+11  8.89143227e+10 -3.15126276e+06]
 [ 6.29213174e+07  3.56090872e+08 -3.00825267e+07]
 [-2.92235248e+11  2.68637659e+11  7.92582065e+09]
 [-9.11075283e+10  3.19427084e+10 -7.54896209e+09]
 [-8.42670694e+11 -2.92647580e+11  1.76934502e+10]
 [-6.06267110e+10  1.77359738e+11 -2.36707196e+09]
 [-2.23807925e+11 -1.41247127e+12  3.01205636e+10]
 [ 2.56472550e+12  1.37543348e+12 -3.00214935e+10]
 [ 4.14924014e+12 -1.25906325e+12 -7.06983163e+10]
 [ 1.42700581e+12 -4.65900581e+12  5.96381489e+10]]
n_body_gravitational_acceleration():m= [[1.9890e+30]
 [3.2850e+23]
 [4.8670e+24]
 [5.9720e+24]
 [6.3900e+23]
 [1.8989e+27]
 [5.6830e+26]
 [8.6810e+25]
 [1.0240e+26]
 [1.3090e+22]]
n_body_gravitational_acceleration(): inv_r3.shape =  10
n_body_gravitational_acceleration(): m.shape =  10
n_body_gravitational_acceleration(): extension =  0
n_body_gravitational_acceleration():inv_r3= [[1.00000000e+06 2.88709293e-34 6.61564902e-35 3.55213152e-33
  1.84659916e-36 7.93143595e-34 2.93298373e-37 3.78041584e-38
  1.11212428e-38 8.02520461e-39]
 [2.88709293e-34 1.00000000e+06 1.60020750e-35 1.10318408e-33
  1.40712141e-36 1.52596540e-34 3.41419834e-37 4.05727084e-38
  1.22610467e-38 8.64015625e-39]
 [6.61564902e-35 1.60020750e-35 1.00000000e+06 3.32468343e-35
  2.05776289e-36 6.46503990e-35 2.09903980e-37 3.47611764e-38
  9.64699996e-39 7.03373720e-39]
 [3.55213152e-33 1.10318408e-33 3.32468343e-35 1.00000000e+06
  1.81998765e-36 3.04334594e-34 3.27348539e-37 3.79252733e-38
  1.14792974e-38 8.34085466e-39]
 [1.84659916e-36 1.40712141e-36 2.05776289e-36 1.81998765e-36
  1.00000000e+06 1.31555518e-36 4.77383087e-37 1.83095246e-38
  7.60384728e-39 8.39044881e-39]
 [7.93143595e-34 1.52596540e-34 6.46503990e-35 3.04334594e-34
  1.31555518e-36 1.00000000e+06 2.44822244e-37 4.16045142e-38
  1.13579444e-38 7.71709120e-39]
 [2.93298373e-37 3.41419834e-37 2.09903980e-37 3.27348539e-37
  4.77383087e-37 2.44822244e-37 1.00000000e+06 1.63050743e-38
  1.19261515e-38 2.06960689e-38]
 [3.78041584e-38 4.05727084e-38 3.47611764e-38 3.79252733e-38
  1.83095246e-38 4.16045142e-38 1.63050743e-38 1.00000000e+06
  3.44073655e-38 4.31713841e-39]
 [1.11212428e-38 1.22610467e-38 9.64699996e-39 1.14792974e-38
  7.60384728e-39 1.13579444e-38 1.19261515e-38 3.44073655e-38
  1.00000000e+06 1.20867655e-38]
 [8.02520461e-39 8.64015625e-39 7.03373720e-39 8.34085466e-39
  8.39044881e-39 7.71709120e-39 2.06960689e-38 4.31713841e-39
  1.20867655e-38 1.00000000e+06]]
n_body_gravitational_acceleration(): m.shape after extension =  10
extreme_weather_events_n_body_analytics(): gravity of  Sun  at  @earth-moon  on  (2017, 8, 17, 1, 0, 0) : [ 6.27265627e-06  8.79676525e-06 -2.47814105e-07]
extreme_weather_events_n_body_analytics(): gravity of  Moon  at  @earth-moon  on  (2017, 8, 17, 1, 0, 0) : [-4.70306262e-03  3.39756396e-03  9.84102857e-07]
extreme_weather_events_n_body_analytics(): gravity of  Mars  at  @earth-moon  on  (2017, 8, 17, 1, 0, 0) : [ 1.49157224e-03 -1.57916577e-03 -6.97197426e-05]
extreme_weather_events_n_body_analytics(): gravity of  Mercury  at  @earth-moon  on  (2017, 8, 17, 1, 0, 0) : [-0.01485632  0.02687067  0.00355844]
extreme_weather_events_n_body_analytics(): gravity of  Jupiter  at  @earth-moon  on  (2017, 8, 17, 1, 0, 0) : [ 1.76657141e-04  9.35946952e-05 -4.34128921e-06]
extreme_weather_events_n_body_analytics(): gravity of  Venus  at  @earth-moon  on  (2017, 8, 17, 1, 0, 0) : [-0.00652685 -0.00931256  0.0002489 ]
extreme_weather_events_n_body_analytics(): gravity of  Saturn  at  @earth-moon  on  (2017, 8, 17, 1, 0, 0) : [ 3.94571476e-06  5.85077339e-05 -1.17392264e-06]
extreme_weather_events_n_body_analytics(): gravity of  Uranus  at  @earth-moon  on  (2017, 8, 17, 1, 0, 0) : [-1.35018828e-05 -6.46518421e-06  1.50823465e-07]
extreme_weather_events_n_body_analytics(): gravity of  Neptune  at  @earth-moon  on  (2017, 8, 17, 1, 0, 0) : [-6.31520918e-06  1.99264214e-06  1.04524551e-07]
extreme_weather_events_n_body_analytics(): gravity of  Pluto  at  @earth-moon  on  (2017, 8, 17, 1, 0, 0) : [-1.65341271e-06  5.06598677e-06 -6.36366827e-08]
extreme_weather_events_n_body_analytics(): date: (2017, 8, 30, 1, 0, 0)
extreme_weather_events_n_body_analytics(): Horizons Ephemeris query object for date (body : 10 ) =  targetname datetime_jd ...       range             range_rate      
   ---          d      ...         AU                AU / d        
---------- ----------- ... ----------------- ----------------------
  Sun (10)   2457995.5 ... 1.009705441597151 -0.0002315137139808179
#################################################################
extreme_weather_events_n_body_analytics(): Horizons Ephemeris query object for date (body : 301 ) =  targetname datetime_jd ...        range               range_rate     
   ---          d      ...          AU                  AU / d       
---------- ----------- ... -------------------- ---------------------
Moon (301)   2457995.5 ... 0.002668840809177475 4.023050804012875e-06
#################################################################
extreme_weather_events_n_body_analytics(): Horizons Ephemeris query object for date (body : 499 ) =  targetname datetime_jd ...       range            range_rate     
   ---          d      ...         AU               AU / d       
---------- ----------- ... ----------------- --------------------
Mars (499)   2457995.5 ... 2.638783358111755 -0.00159704542142587
#################################################################
extreme_weather_events_n_body_analytics(): Horizons Ephemeris query object for date (body : 199 ) =    targetname  datetime_jd ...       range             range_rate    
     ---           d      ...         AU                AU / d      
------------- ----------- ... ------------------ -------------------
Mercury (199)   2457995.5 ... 0.6497884203999212 0.01091921174375473
#################################################################
extreme_weather_events_n_body_analytics(): Horizons Ephemeris query object for date (body : 599 ) =    targetname  datetime_jd ...      range           range_rate    
     ---           d      ...        AU              AU / d      
------------- ----------- ... --------------- -------------------
Jupiter (599)   2457995.5 ... 6.1168816502838 0.01080595238968468
#################################################################
extreme_weather_events_n_body_analytics(): Horizons Ephemeris query object for date (body : 299 ) =   targetname datetime_jd ...       range            range_rate    
    ---          d      ...         AU               AU / d      
----------- ----------- ... ----------------- -------------------
Venus (299)   2457995.5 ... 1.331862523890898 0.00579911638528091
#################################################################
extreme_weather_events_n_body_analytics(): Horizons Ephemeris query object for date (body : 699 ) =   targetname  datetime_jd ...       range           range_rate    
    ---           d      ...         AU              AU / d      
------------ ----------- ... ----------------- ------------------
Saturn (699)   2457995.5 ... 9.763182103576206 0.0160790179041096
#################################################################
extreme_weather_events_n_body_analytics(): Horizons Ephemeris query object for date (body : 799 ) =   targetname  datetime_jd ...       range            range_rate     
    ---           d      ...         AU               AU / d       
------------ ----------- ... ----------------- --------------------
Uranus (799)   2457995.5 ... 19.27043942109439 -0.01312483187066429
#################################################################
extreme_weather_events_n_body_analytics(): Horizons Ephemeris query object for date (body : 899 ) =    targetname  datetime_jd ...      range             range_rate     
     ---           d      ...        AU                AU / d       
------------- ----------- ... ---------------- ---------------------
Neptune (899)   2457995.5 ... 28.9431137821027 -0.001613438221087071
#################################################################
extreme_weather_events_n_body_analytics(): Horizons Ephemeris query object for date (body : 999 ) =   targetname datetime_jd ...       range            range_rate    
    ---          d      ...         AU               AU / d      
----------- ----------- ... ----------------- -------------------
Pluto (999)   2457995.5 ... 32.73514855918088 0.01371678934838181
#################################################################
n_body_gravitational_acceleration():r= [[-1.38608930e+11  6.00300070e+10 -1.88381761e+06]
 [-1.11227170e+08 -3.81886334e+08  3.45575531e+07]
 [-3.26024180e+11  2.22433839e+11  8.00087444e+09]
 [-8.47660327e+10  4.72020960e+10 -5.98963353e+09]
 [-8.51852867e+11 -3.33758599e+11  1.75930809e+10]
 [-1.12323413e+11  1.64564682e+11 -8.48180595e+07]
 [-2.29560349e+11 -1.44209165e+12  2.97268462e+10]
 [ 2.54537240e+12  1.35307589e+12 -2.99524749e+10]
 [ 4.13504696e+12 -1.28209898e+12 -7.08592011e+10]
 [ 1.41695344e+12 -4.68727719e+12  5.78565636e+10]]
n_body_gravitational_acceleration():m= [[1.9890e+30]
 [3.2850e+23]
 [4.8670e+24]
 [5.9720e+24]
 [6.3900e+23]
 [1.8989e+27]
 [5.6830e+26]
 [8.6810e+25]
 [1.0240e+26]
 [1.3090e+22]]
n_body_gravitational_acceleration(): inv_r3.shape =  10
n_body_gravitational_acceleration(): m.shape =  10
n_body_gravitational_acceleration(): extension =  0
n_body_gravitational_acceleration():inv_r3= [[1.00000000e+06 2.89872190e-34 6.54658459e-35 5.79521659e-33
  1.84779480e-36 7.98506811e-34 2.93255785e-37 3.78119020e-38
  1.11215118e-38 8.01921558e-39]
 [2.89872190e-34 1.00000000e+06 1.62407959e-35 1.08563547e-33
  1.30611130e-36 1.25948334e-34 3.21219735e-37 4.17275950e-38
  1.23194096e-38 8.51666591e-39]
 [6.54658459e-35 1.62407959e-35 1.00000000e+06 3.75949404e-35
  2.22957802e-36 9.19630769e-35 2.15691899e-37 3.40190627e-38
  9.57904612e-39 7.07046501e-39]
 [5.79521659e-33 1.08563547e-33 3.75949404e-35 1.00000000e+06
  1.58985976e-36 5.68707296e-34 2.98235319e-37 3.94888047e-38
  1.15437031e-38 8.15880623e-39]
 [1.84779480e-36 1.30611130e-36 2.22957802e-36 1.58985976e-36
  1.00000000e+06 1.40930500e-36 4.86877449e-37 1.83215686e-38
  7.64131393e-39 8.45111931e-39]
 [7.98506811e-34 1.25948334e-34 9.19630769e-35 5.68707296e-34
  1.40930500e-36 1.00000000e+06 2.39082912e-37 4.05183965e-38
  1.10656136e-38 7.59438866e-39]
 [2.93255785e-37 3.21219735e-37 2.15691899e-37 2.98235319e-37
  4.86877449e-37 2.39082912e-37 1.00000000e+06 1.63605466e-38
  1.19934539e-38 2.07500452e-38]
 [3.78119020e-38 4.17275950e-38 3.40190627e-38 3.94888047e-38
  1.83215686e-38 4.05183965e-38 1.63605466e-38 1.00000000e+06
  3.42986156e-38 4.30856754e-39]
 [1.11215118e-38 1.23194096e-38 9.57904612e-39 1.15437031e-38
  7.64131393e-39 1.10656136e-38 1.19934539e-38 3.42986156e-38
  1.00000000e+06 1.20746660e-38]
 [8.01921558e-39 8.51666591e-39 7.07046501e-39 8.15880623e-39
  8.45111931e-39 7.59438866e-39 2.07500452e-38 4.30856754e-39
  1.20746660e-38 1.00000000e+06]]
n_body_gravitational_acceleration(): m.shape after extension =  10
extreme_weather_events_n_body_analytics(): gravity of  Sun  at  @earth-moon  on  (2017, 8, 30, 1, 0, 0) : [ 2.78124266e-06  1.05359338e-05 -2.17336921e-08]
extreme_weather_events_n_body_analytics(): gravity of  Moon  at  @earth-moon  on  (2017, 8, 30, 1, 0, 0) : [-5.33137023e-03  2.32735122e-03 -1.40642346e-06]
extreme_weather_events_n_body_analytics(): gravity of  Mars  at  @earth-moon  on  (2017, 8, 30, 1, 0, 0) : [ 1.63126777e-03 -1.41209545e-03 -6.96439436e-05]
extreme_weather_events_n_body_analytics(): gravity of  Mercury  at  @earth-moon  on  (2017, 8, 30, 1, 0, 0) : [-0.04142471  0.00987728  0.00460696]
extreme_weather_events_n_body_analytics(): gravity of  Jupiter  at  @earth-moon  on  (2017, 8, 30, 1, 0, 0) : [ 1.75102502e-04  9.66649332e-05 -4.31897752e-06]
extreme_weather_events_n_body_analytics(): gravity of  Venus  at  @earth-moon  on  (2017, 8, 30, 1, 0, 0) : [-2.78634997e-03 -1.10810538e-02  8.79046060e-06]
extreme_weather_events_n_body_analytics(): gravity of  Saturn  at  @earth-moon  on  (2017, 8, 30, 1, 0, 0) : [ 3.54493307e-06  5.85272465e-05 -1.15827008e-06]
extreme_weather_events_n_body_analytics(): gravity of  Uranus  at  @earth-moon  on  (2017, 8, 30, 1, 0, 0) : [-1.34875855e-05 -6.49906310e-06  1.50521644e-07]
extreme_weather_events_n_body_analytics(): gravity of  Neptune  at  @earth-moon  on  (2017, 8, 30, 1, 0, 0) : [-6.31792404e-06  1.98401176e-06  1.04767552e-07]
extreme_weather_events_n_body_analytics(): gravity of  Pluto  at  @earth-moon  on  (2017, 8, 30, 1, 0, 0) : [-1.65852338e-06  5.06150449e-06 -6.16851779e-08]
