*** Introductory Examples for the NLTK Book ***
Loading text1, ..., text9 and sent1, ..., sent9
Type the name of the text or sentence to view it.
Type: 'texts()' or 'sents()' to list the materials.
text1: Moby Dick by Herman Melville 1851
text2: Sense and Sensibility by Jane Austen 1811
text3: The Book of Genesis
text4: Inaugural Address Corpus
text5: Chat Corpus
text6: Monty Python and the Holy Grail
text7: Wall Street Journal
text8: Personals Corpus
text9: The Man Who Was Thursday by G . K . Chesterton 1908
__init__():timescale now: <Time tt=2459985.915404103>
climate_analytics(): N-Body conjunction to be searched pairwise: Jupiter-Mercury
__init__():timescale now: <Time tt=2459985.9154042336>
Angular separation of Jupiter-Mercury on 2023-01-31 17:30:00.000: [161d39m53.10175712s]
datetoks: ['2023', '01', '31']
timetoks: ['17', '30', '00.000']
extreme_weather_events_n_body_analytics(): datesofEWEs =  [('2023', '01', '31', '17', '30', '00.000')]
extreme_weather_events_n_body_analytics(): date: ('2023', '01', '31', '17', '30', '00.000')
datesofEWEs: [('2023', '01', '31', '17', '30', '00.000')]
extreme_weather_events_n_body_analytics(): Horizons Ephemeris query object for date (body : 10 ) =  targetname datetime_jd ...        range               range_rate      
   ---          d      ...          AU                  AU / d        
---------- ----------- ... -------------------- ----------------------
  Sun (10)   2459975.5 ... 0.009025217188597518 -1.150777615125747e-06
#################################################################
extreme_weather_events_n_body_analytics(): Horizons Ephemeris query object for date (body : 301 ) =  targetname datetime_jd ...       range              range_rate     
   ---          d      ...         AU                 AU / d       
---------- ----------- ... ------------------ ---------------------
Moon (301)   2459975.5 ... 0.9920624593665764 0.0007145134340631016
#################################################################
extreme_weather_events_n_body_analytics(): Horizons Ephemeris query object for date (body : 499 ) =  targetname datetime_jd ...       range            range_rate     
   ---          d      ...         AU               AU / d       
---------- ----------- ... ----------------- --------------------
Mars (499)   2459975.5 ... 1.600264805929791 0.001119673071766619
#################################################################
extreme_weather_events_n_body_analytics(): Horizons Ephemeris query object for date (body : 199 ) =    targetname  datetime_jd ...       range             range_rate     
     ---           d      ...         AU                AU / d       
------------- ----------- ... ------------------ --------------------
Mercury (199)   2459975.5 ... 0.4404140549248325 0.003926012371515149
#################################################################
extreme_weather_events_n_body_analytics(): Horizons Ephemeris query object for date (body : 599 ) =    targetname  datetime_jd ...       range             range_rate     
     ---           d      ...         AU                AU / d       
------------- ----------- ... ----------------- ---------------------
Jupiter (599)   2459975.5 ... 4.942280152668968 8.890752523457691e-06
#################################################################
extreme_weather_events_n_body_analytics(): Horizons Ephemeris query object for date (body : 299 ) =   targetname datetime_jd ...       range              range_rate      
    ---          d      ...         AU                 AU / d        
----------- ----------- ... ------------------ ----------------------
Venus (299)   2459975.5 ... 0.7170326232368072 -8.350718488818684e-05
#################################################################
extreme_weather_events_n_body_analytics(): Horizons Ephemeris query object for date (body : 699 ) =   targetname  datetime_jd ...       range             range_rate      
    ---           d      ...         AU                AU / d        
------------ ----------- ... ----------------- ----------------------
Saturn (699)   2459975.5 ... 9.820528931239473 -0.0002503360610658411
#################################################################
extreme_weather_events_n_body_analytics(): Horizons Ephemeris query object for date (body : 799 ) =   targetname  datetime_jd ...      range             range_rate      
    ---           d      ...        AU                AU / d        
------------ ----------- ... ---------------- ----------------------
Uranus (799)   2459975.5 ... 19.6591659665747 -0.0001549959457297163
#################################################################
extreme_weather_events_n_body_analytics(): Horizons Ephemeris query object for date (body : 899 ) =    targetname  datetime_jd ...       range             range_rate      
     ---           d      ...         AU                AU / d        
------------- ----------- ... ----------------- ----------------------
Neptune (899)   2459975.5 ... 29.90288729443031 -2.092151648451124e-05
#################################################################
extreme_weather_events_n_body_analytics(): Horizons Ephemeris query object for date (body : 999 ) =   targetname datetime_jd ...       range             range_rate     
    ---          d      ...         AU                AU / d       
----------- ----------- ... ----------------- ---------------------
Pluto (999)   2459975.5 ... 34.69348451472165 0.0006748593056878464
#################################################################
n_body_gravitational_acceleration():r= [[-1.34953194e+09 -2.59938183e+07  3.16502422e+07]
 [-9.69303356e+10  1.12384004e+11  4.31340914e+07]
 [-5.22518786e+10  2.33542607e+11  6.17542829e+09]
 [-5.63821437e+10 -3.40086237e+10  2.30244381e+09]
 [ 7.14092055e+11  1.90883663e+11 -1.67680982e+10]
 [ 1.06002573e+11  1.53015373e+10 -5.95238658e+09]
 [ 1.22993229e+12 -8.02735539e+11 -3.50116594e+10]
 [ 1.98561507e+12  2.16940579e+12 -1.76667957e+10]
 [ 4.45207822e+12 -4.26119032e+11 -9.38277043e+10]
 [ 2.43146298e+12 -4.58032476e+12 -2.13199723e+11]]
n_body_gravitational_acceleration():m= [[1.9890e+30]
 [3.2850e+23]
 [4.8670e+24]
 [5.9720e+24]
 [6.3900e+23]
 [1.8989e+27]
 [5.6830e+26]
 [8.6810e+25]
 [1.0240e+26]
 [1.3090e+22]]
n_body_gravitational_acceleration(): inv_r3.shape =  10
n_body_gravitational_acceleration(): m.shape =  10
n_body_gravitational_acceleration(): extension =  0
n_body_gravitational_acceleration():inv_r3= [[1.00000000e+06 3.11287409e-34 7.31305117e-35 3.68894574e-33
  2.46112482e-36 7.80622614e-34 3.14651131e-37 3.92750063e-38
  1.11607608e-38 7.15034002e-39]
 [3.11287409e-34 1.00000000e+06 4.62819333e-34 2.85196735e-34
  1.84735177e-36 8.77454288e-35 2.38633367e-37 3.98686539e-38
  1.03970637e-38 6.58647627e-39]
 [7.31305117e-35 4.62819333e-34 1.00000000e+06 5.21780030e-35
  2.20867344e-36 5.08882534e-35 2.22972258e-37 4.50270924e-38
  1.05918261e-38 6.27616462e-39]
 [3.68894574e-33 2.85196735e-34 5.21780030e-35 1.00000000e+06
  1.93238715e-36 2.03875594e-34 2.96902121e-37 3.68821070e-38
  1.07823219e-38 7.16564400e-39]
 [2.46112482e-36 1.84735177e-36 2.20867344e-36 1.93238715e-36
  1.00000000e+06 3.94221487e-36 7.12373827e-37 7.68699606e-38
  1.83783258e-38 7.65198289e-39]
 [7.80622614e-34 8.77454288e-35 5.08882534e-35 2.03875594e-34
  3.94221487e-36 1.00000000e+06 3.72022278e-37 4.27964931e-38
  1.19883322e-38 7.30130420e-39]
 [3.14651131e-37 2.38633367e-37 2.22972258e-37 2.96902121e-37
  7.12373827e-37 3.72022278e-37 1.00000000e+06 3.46707382e-38
  2.92759271e-38 1.60051915e-38]
 [3.92750063e-38 3.98686539e-38 4.50270924e-38 3.68821070e-38
  7.68699606e-38 4.27964931e-38 3.46707382e-38 1.00000000e+06
  2.17702619e-38 3.22671378e-39]
 [1.11607608e-38 1.03970637e-38 1.05918261e-38 1.07823219e-38
  1.83783258e-38 1.19883322e-38 2.92759271e-38 2.17702619e-38
  1.00000000e+06 1.01336064e-38]
 [7.15034002e-39 6.58647627e-39 6.27616462e-39 7.16564400e-39
  7.65198289e-39 7.30130420e-39 1.60051915e-38 3.22671378e-39
  1.01336064e-38 1.00000000e+06]]
n_body_gravitational_acceleration(): m.shape after extension =  10
extreme_weather_events_n_body_analytics(): gravity of  Sun  at  @0  on  ('2023', '01', '31', '17', '30', '00.000') : [ 1.05536377e-05  1.46367539e-06 -5.88975544e-07]
extreme_weather_events_n_body_analytics(): gravity of  Moon  at  @0  on  ('2023', '01', '31', '17', '30', '00.000') : [ 3.95205944e-03 -4.64631352e-03 -5.40383295e-07]
extreme_weather_events_n_body_analytics(): gravity of  Mars  at  @0  on  ('2023', '01', '31', '17', '30', '00.000') : [ 4.95202517e-04 -2.26895545e-03 -5.97238065e-05]
extreme_weather_events_n_body_analytics(): gravity of  Mercury  at  @0  on  ('2023', '01', '31', '17', '30', '00.000') : [ 0.02695447  0.01664305 -0.00111225]
extreme_weather_events_n_body_analytics(): gravity of  Jupiter  at  @0  on  ('2023', '01', '31', '17', '30', '00.000') : [-2.34038250e-04 -6.24876932e-05  5.49372658e-06]
extreme_weather_events_n_body_analytics(): gravity of  Venus  at  @0  on  ('2023', '01', '31', '17', '30', '00.000') : [-0.0111248  -0.00158839  0.00062012]
extreme_weather_events_n_body_analytics(): gravity of  Saturn  at  @0  on  ('2023', '01', '31', '17', '30', '00.000') : [-5.14837365e-05  3.35690324e-05  1.46514698e-06]
extreme_weather_events_n_body_analytics(): gravity of  Uranus  at  @0  on  ('2023', '01', '31', '17', '30', '00.000') : [-1.03705809e-05 -1.13270935e-05  9.23067249e-08]
extreme_weather_events_n_body_analytics(): gravity of  Neptune  at  @0  on  ('2023', '01', '31', '17', '30', '00.000') : [-6.60878056e-06  6.31888687e-07  1.39272360e-07]
extreme_weather_events_n_body_analytics(): gravity of  Pluto  at  @0  on  ('2023', '01', '31', '17', '30', '00.000') : [-2.31203879e-06  4.35469921e-06  2.02716665e-07]
==============================================================
extreme_weather_events_n_body_analytics(): Pairwise Directed hausdorff Distance of Gravitational Acceleration: (0.0, 0, 0)
extreme_weather_events_n_body_analytics(): Pairwise Directed hausdorff Distance of Gravitational Acceleration: (0.006094038141214099, 0, 0)
extreme_weather_events_n_body_analytics(): Pairwise Directed hausdorff Distance of Gravitational Acceleration: (0.0023223230784861076, 0, 0)
extreme_weather_events_n_body_analytics(): Pairwise Directed hausdorff Distance of Gravitational Acceleration: (0.03168836843534612, 0, 0)
extreme_weather_events_n_body_analytics(): Pairwise Directed hausdorff Distance of Gravitational Acceleration: (0.0002528872640053412, 0, 0)
extreme_weather_events_n_body_analytics(): Pairwise Directed hausdorff Distance of Gravitational Acceleration: (0.01126538920486126, 0, 0)
extreme_weather_events_n_body_analytics(): Pairwise Directed hausdorff Distance of Gravitational Acceleration: (6.98828246038227e-05, 0, 0)
extreme_weather_events_n_body_analytics(): Pairwise Directed hausdorff Distance of Gravitational Acceleration: (2.4533463659249646e-05, 0, 0)
extreme_weather_events_n_body_analytics(): Pairwise Directed hausdorff Distance of Gravitational Acceleration: (1.7197988685038432e-05, 0, 0)
extreme_weather_events_n_body_analytics(): Pairwise Directed hausdorff Distance of Gravitational Acceleration: (1.3210239473143718e-05, 0, 0)
extreme_weather_events_n_body_analytics(): Pairwise Directed hausdorff Distance of Gravitational Acceleration: (0.006094038141214099, 0, 0)
extreme_weather_events_n_body_analytics(): Pairwise Directed hausdorff Distance of Gravitational Acceleration: (0.0, 0, 0)
extreme_weather_events_n_body_analytics(): Pairwise Directed hausdorff Distance of Gravitational Acceleration: (0.004195854365004149, 0, 0)
extreme_weather_events_n_body_analytics(): Pairwise Directed hausdorff Distance of Gravitational Acceleration: (0.031362137960897575, 0, 0)
extreme_weather_events_n_body_analytics(): Pairwise Directed hausdorff Distance of Gravitational Acceleration: (0.0062076492737843944, 0, 0)
extreme_weather_events_n_body_analytics(): Pairwise Directed hausdorff Distance of Gravitational Acceleration: (0.015396356265812122, 0, 0)
extreme_weather_events_n_body_analytics(): Pairwise Directed hausdorff Distance of Gravitational Acceleration: (0.006158706252944115, 0, 0)
extreme_weather_events_n_body_analytics(): Pairwise Directed hausdorff Distance of Gravitational Acceleration: (0.006097864483667562, 0, 0)
extreme_weather_events_n_body_analytics(): Pairwise Directed hausdorff Distance of Gravitational Acceleration: (0.006104519325086183, 0, 0)
extreme_weather_events_n_body_analytics(): Pairwise Directed hausdorff Distance of Gravitational Acceleration: (0.006104569538167614, 0, 0)
extreme_weather_events_n_body_analytics(): Pairwise Directed hausdorff Distance of Gravitational Acceleration: (0.0023223230784861076, 0, 0)
extreme_weather_events_n_body_analytics(): Pairwise Directed hausdorff Distance of Gravitational Acceleration: (0.004195854365004149, 0, 0)
extreme_weather_events_n_body_analytics(): Pairwise Directed hausdorff Distance of Gravitational Acceleration: (0.0, 0, 0)
extreme_weather_events_n_body_analytics(): Pairwise Directed hausdorff Distance of Gravitational Acceleration: (0.032540197946855656, 0, 0)
extreme_weather_events_n_body_analytics(): Pairwise Directed hausdorff Distance of Gravitational Acceleration: (0.0023247678154096874, 0, 0)
extreme_weather_events_n_body_analytics(): Pairwise Directed hausdorff Distance of Gravitational Acceleration: (0.011659751177385453, 0, 0)
extreme_weather_events_n_body_analytics(): Pairwise Directed hausdorff Distance of Gravitational Acceleration: (0.0023673252737526147, 0, 0)
extreme_weather_events_n_body_analytics(): Pairwise Directed hausdorff Distance of Gravitational Acceleration: (0.0023143180274451352, 0, 0)
extreme_weather_events_n_body_analytics(): Pairwise Directed hausdorff Distance of Gravitational Acceleration: (0.0023251720078238947, 0, 0)
extreme_weather_events_n_body_analytics(): Pairwise Directed hausdorff Distance of Gravitational Acceleration: (0.0023278855142404315, 0, 0)
extreme_weather_events_n_body_analytics(): Pairwise Directed hausdorff Distance of Gravitational Acceleration: (0.03168836843534612, 0, 0)
extreme_weather_events_n_body_analytics(): Pairwise Directed hausdorff Distance of Gravitational Acceleration: (0.031362137960897575, 0, 0)
extreme_weather_events_n_body_analytics(): Pairwise Directed hausdorff Distance of Gravitational Acceleration: (0.032540197946855656, 0, 0)
extreme_weather_events_n_body_analytics(): Pairwise Directed hausdorff Distance of Gravitational Acceleration: (0.0, 0, 0)
extreme_weather_events_n_body_analytics(): Pairwise Directed hausdorff Distance of Gravitational Acceleration: (0.031930223923246986, 0, 0)
extreme_weather_events_n_body_analytics(): Pairwise Directed hausdorff Distance of Gravitational Acceleration: (0.04225419556759224, 0, 0)
extreme_weather_events_n_body_analytics(): Pairwise Directed hausdorff Distance of Gravitational Acceleration: (0.0317243855070888, 0, 0)
extreme_weather_events_n_body_analytics(): Pairwise Directed hausdorff Distance of Gravitational Acceleration: (0.031712900983069246, 0, 0)
extreme_weather_events_n_body_analytics(): Pairwise Directed hausdorff Distance of Gravitational Acceleration: (0.0317034247192532, 0, 0)
extreme_weather_events_n_body_analytics(): Pairwise Directed hausdorff Distance of Gravitational Acceleration: (0.03169781868990862, 0, 0)
extreme_weather_events_n_body_analytics(): Pairwise Directed hausdorff Distance of Gravitational Acceleration: (0.0002528872640053412, 0, 0)
extreme_weather_events_n_body_analytics(): Pairwise Directed hausdorff Distance of Gravitational Acceleration: (0.0062076492737843944, 0, 0)
extreme_weather_events_n_body_analytics(): Pairwise Directed hausdorff Distance of Gravitational Acceleration: (0.0023247678154096874, 0, 0)
extreme_weather_events_n_body_analytics(): Pairwise Directed hausdorff Distance of Gravitational Acceleration: (0.031930223923246986, 0, 0)
extreme_weather_events_n_body_analytics(): Pairwise Directed hausdorff Distance of Gravitational Acceleration: (0.0, 0, 0)
extreme_weather_events_n_body_analytics(): Pairwise Directed hausdorff Distance of Gravitational Acceleration: (0.01101430044460742, 0, 0)
extreme_weather_events_n_body_analytics(): Pairwise Directed hausdorff Distance of Gravitational Acceleration: (0.000206323227841827, 0, 0)
extreme_weather_events_n_body_analytics(): Pairwise Directed hausdorff Distance of Gravitational Acceleration: (0.0002295077524926871, 0, 0)
extreme_weather_events_n_body_analytics(): Pairwise Directed hausdorff Distance of Gravitational Acceleration: (0.00023608666909803275, 0, 0)
extreme_weather_events_n_body_analytics(): Pairwise Directed hausdorff Distance of Gravitational Acceleration: (0.0002412321229208857, 0, 0)
extreme_weather_events_n_body_analytics(): Pairwise Directed hausdorff Distance of Gravitational Acceleration: (0.01126538920486126, 0, 0)
extreme_weather_events_n_body_analytics(): Pairwise Directed hausdorff Distance of Gravitational Acceleration: (0.015396356265812122, 0, 0)
extreme_weather_events_n_body_analytics(): Pairwise Directed hausdorff Distance of Gravitational Acceleration: (0.011659751177385453, 0, 0)
extreme_weather_events_n_body_analytics(): Pairwise Directed hausdorff Distance of Gravitational Acceleration: (0.04225419556759224, 0, 0)
extreme_weather_events_n_body_analytics(): Pairwise Directed hausdorff Distance of Gravitational Acceleration: (0.01101430044460742, 0, 0)
extreme_weather_events_n_body_analytics(): Pairwise Directed hausdorff Distance of Gravitational Acceleration: (0.0, 0, 0)
extreme_weather_events_n_body_analytics(): Pairwise Directed hausdorff Distance of Gravitational Acceleration: (0.01120855909599691, 0, 0)
extreme_weather_events_n_body_analytics(): Pairwise Directed hausdorff Distance of Gravitational Acceleration: (0.011242868053982334, 0, 0)
extreme_weather_events_n_body_analytics(): Pairwise Directed hausdorff Distance of Gravitational Acceleration: (0.011248267495315115, 0, 0)
extreme_weather_events_n_body_analytics(): Pairwise Directed hausdorff Distance of Gravitational Acceleration: (0.011253037391620764, 0, 0)
extreme_weather_events_n_body_analytics(): Pairwise Directed hausdorff Distance of Gravitational Acceleration: (6.98828246038227e-05, 0, 0)
extreme_weather_events_n_body_analytics(): Pairwise Directed hausdorff Distance of Gravitational Acceleration: (0.006158706252944115, 0, 0)
extreme_weather_events_n_body_analytics(): Pairwise Directed hausdorff Distance of Gravitational Acceleration: (0.0023673252737526147, 0, 0)
extreme_weather_events_n_body_analytics(): Pairwise Directed hausdorff Distance of Gravitational Acceleration: (0.0317243855070888, 0, 0)
extreme_weather_events_n_body_analytics(): Pairwise Directed hausdorff Distance of Gravitational Acceleration: (0.000206323227841827, 0, 0)
extreme_weather_events_n_body_analytics(): Pairwise Directed hausdorff Distance of Gravitational Acceleration: (0.01120855909599691, 0, 0)
extreme_weather_events_n_body_analytics(): Pairwise Directed hausdorff Distance of Gravitational Acceleration: (0.0, 0, 0)
extreme_weather_events_n_body_analytics(): Pairwise Directed hausdorff Distance of Gravitational Acceleration: (6.0892022328282214e-05, 0, 0)
extreme_weather_events_n_body_analytics(): Pairwise Directed hausdorff Distance of Gravitational Acceleration: (5.568101164047888e-05, 0, 0)
extreme_weather_events_n_body_analytics(): Pairwise Directed hausdorff Distance of Gravitational Acceleration: (5.720949970677658e-05, 0, 0)
extreme_weather_events_n_body_analytics(): Pairwise Directed hausdorff Distance of Gravitational Acceleration: (2.4533463659249646e-05, 0, 0)
extreme_weather_events_n_body_analytics(): Pairwise Directed hausdorff Distance of Gravitational Acceleration: (0.006097864483667562, 0, 0)
extreme_weather_events_n_body_analytics(): Pairwise Directed hausdorff Distance of Gravitational Acceleration: (0.0023143180274451352, 0, 0)
extreme_weather_events_n_body_analytics(): Pairwise Directed hausdorff Distance of Gravitational Acceleration: (0.031712900983069246, 0, 0)
extreme_weather_events_n_body_analytics(): Pairwise Directed hausdorff Distance of Gravitational Acceleration: (0.0002295077524926871, 0, 0)
extreme_weather_events_n_body_analytics(): Pairwise Directed hausdorff Distance of Gravitational Acceleration: (0.011242868053982334, 0, 0)
extreme_weather_events_n_body_analytics(): Pairwise Directed hausdorff Distance of Gravitational Acceleration: (6.0892022328282214e-05, 0, 0)
extreme_weather_events_n_body_analytics(): Pairwise Directed hausdorff Distance of Gravitational Acceleration: (0.0, 0, 0)
extreme_weather_events_n_body_analytics(): Pairwise Directed hausdorff Distance of Gravitational Acceleration: (1.2536770031359556e-05, 0, 0)
extreme_weather_events_n_body_analytics(): Pairwise Directed hausdorff Distance of Gravitational Acceleration: (1.7631531823286887e-05, 0, 0)
extreme_weather_events_n_body_analytics(): Pairwise Directed hausdorff Distance of Gravitational Acceleration: (1.7197988685038432e-05, 0, 0)
extreme_weather_events_n_body_analytics(): Pairwise Directed hausdorff Distance of Gravitational Acceleration: (0.006104519325086183, 0, 0)
extreme_weather_events_n_body_analytics(): Pairwise Directed hausdorff Distance of Gravitational Acceleration: (0.0023251720078238947, 0, 0)
extreme_weather_events_n_body_analytics(): Pairwise Directed hausdorff Distance of Gravitational Acceleration: (0.0317034247192532, 0, 0)
extreme_weather_events_n_body_analytics(): Pairwise Directed hausdorff Distance of Gravitational Acceleration: (0.00023608666909803275, 0, 0)
extreme_weather_events_n_body_analytics(): Pairwise Directed hausdorff Distance of Gravitational Acceleration: (0.011248267495315115, 0, 0)
extreme_weather_events_n_body_analytics(): Pairwise Directed hausdorff Distance of Gravitational Acceleration: (5.568101164047888e-05, 0, 0)
extreme_weather_events_n_body_analytics(): Pairwise Directed hausdorff Distance of Gravitational Acceleration: (1.2536770031359556e-05, 0, 0)
extreme_weather_events_n_body_analytics(): Pairwise Directed hausdorff Distance of Gravitational Acceleration: (0.0, 0, 0)
extreme_weather_events_n_body_analytics(): Pairwise Directed hausdorff Distance of Gravitational Acceleration: (5.685537198431236e-06, 0, 0)
extreme_weather_events_n_body_analytics(): Pairwise Directed hausdorff Distance of Gravitational Acceleration: (1.3210239473143718e-05, 0, 0)
extreme_weather_events_n_body_analytics(): Pairwise Directed hausdorff Distance of Gravitational Acceleration: (0.006104569538167614, 0, 0)
extreme_weather_events_n_body_analytics(): Pairwise Directed hausdorff Distance of Gravitational Acceleration: (0.0023278855142404315, 0, 0)
extreme_weather_events_n_body_analytics(): Pairwise Directed hausdorff Distance of Gravitational Acceleration: (0.03169781868990862, 0, 0)
extreme_weather_events_n_body_analytics(): Pairwise Directed hausdorff Distance of Gravitational Acceleration: (0.0002412321229208857, 0, 0)
extreme_weather_events_n_body_analytics(): Pairwise Directed hausdorff Distance of Gravitational Acceleration: (0.011253037391620764, 0, 0)
extreme_weather_events_n_body_analytics(): Pairwise Directed hausdorff Distance of Gravitational Acceleration: (5.720949970677658e-05, 0, 0)
extreme_weather_events_n_body_analytics(): Pairwise Directed hausdorff Distance of Gravitational Acceleration: (1.7631531823286887e-05, 0, 0)
extreme_weather_events_n_body_analytics(): Pairwise Directed hausdorff Distance of Gravitational Acceleration: (5.685537198431236e-06, 0, 0)
extreme_weather_events_n_body_analytics(): Pairwise Directed hausdorff Distance of Gravitational Acceleration: (0.0, 0, 0)
Angular separation of Jupiter-Mercury on 2023-02-01 17:30:00.000: [158d41m35.4274909s]
datetoks: ['2023', '02', '01']
timetoks: ['17', '30', '00.000']
extreme_weather_events_n_body_analytics(): datesofEWEs =  [('2023', '02', '01', '17', '30', '00.000')]
extreme_weather_events_n_body_analytics(): date: ('2023', '02', '01', '17', '30', '00.000')
datesofEWEs: [('2023', '02', '01', '17', '30', '00.000')]
extreme_weather_events_n_body_analytics(): Horizons Ephemeris query object for date (body : 10 ) =  targetname datetime_jd ...        range               range_rate      
   ---          d      ...          AU                  AU / d        
---------- ----------- ... -------------------- ----------------------
  Sun (10)   2459976.5 ... 0.009024064586115035 -1.154426668479208e-06
#################################################################
extreme_weather_events_n_body_analytics(): Horizons Ephemeris query object for date (body : 301 ) =  targetname datetime_jd ...       range              range_rate     
   ---          d      ...         AU                 AU / d       
---------- ----------- ... ------------------ ---------------------
Moon (301)   2459976.5 ... 0.9927518506292226 0.0006616772097215296
#################################################################
extreme_weather_events_n_body_analytics(): Horizons Ephemeris query object for date (body : 499 ) =  targetname datetime_jd ...       range            range_rate     
   ---          d      ...         AU               AU / d       
---------- ----------- ... ----------------- --------------------
Mars (499)   2459976.5 ... 1.601381166585786 0.001113037284656401
#################################################################
extreme_weather_events_n_body_analytics(): Horizons Ephemeris query object for date (body : 199 ) =    targetname  datetime_jd ...       range             range_rate     
     ---           d      ...         AU                AU / d       
------------- ----------- ... ------------------ --------------------
Mercury (199)   2459976.5 ... 0.4442166510754404 0.003678083673833672
#################################################################
extreme_weather_events_n_body_analytics(): Horizons Ephemeris query object for date (body : 599 ) =    targetname  datetime_jd ...       range             range_rate     
     ---           d      ...         AU                AU / d       
------------- ----------- ... ----------------- ---------------------
Jupiter (599)   2459976.5 ... 4.942288831528548 8.999175388048182e-06
#################################################################
extreme_weather_events_n_body_analytics(): Horizons Ephemeris query object for date (body : 299 ) =   targetname datetime_jd ...       range              range_rate      
    ---          d      ...         AU                 AU / d        
----------- ----------- ... ------------------ ----------------------
Venus (299)   2459976.5 ... 0.7169513412830899 -7.904539533319794e-05
#################################################################
extreme_weather_events_n_body_analytics(): Horizons Ephemeris query object for date (body : 699 ) =   targetname  datetime_jd ...       range             range_rate      
    ---           d      ...         AU                AU / d        
------------ ----------- ... ----------------- ----------------------
Saturn (699)   2459976.5 ... 9.820278601434625 -0.0002503436966666643
#################################################################
extreme_weather_events_n_body_analytics(): Horizons Ephemeris query object for date (body : 799 ) =   targetname  datetime_jd ...       range             range_rate      
    ---           d      ...         AU                AU / d        
------------ ----------- ... ----------------- ----------------------
Uranus (799)   2459976.5 ... 19.65901095999158 -0.0001550295928884519
#################################################################
extreme_weather_events_n_body_analytics(): Horizons Ephemeris query object for date (body : 899 ) =    targetname  datetime_jd ...       range             range_rate      
     ---           d      ...         AU                AU / d        
------------- ----------- ... ----------------- ----------------------
Neptune (899)   2459976.5 ... 29.90286637296204 -2.092186020905123e-05
#################################################################
extreme_weather_events_n_body_analytics(): Horizons Ephemeris query object for date (body : 999 ) =   targetname datetime_jd ...       range             range_rate     
    ---          d      ...         AU                AU / d       
----------- ----------- ... ----------------- ---------------------
Pluto (999)   2459976.5 ... 34.69416287364462 0.0006817723064176074
#################################################################
n_body_gravitational_acceleration():r= [[-1.34933295e+09 -2.73267023e+07  3.16565030e+07]
 [-9.89926993e+10  1.10710078e+11  4.93548845e+07]
 [-5.42159423e+10  2.33264878e+11  6.21782388e+09]
 [-5.49367622e+10 -3.73425716e+10  1.89754954e+09]
 [ 7.13786843e+11  1.92027001e+11 -1.67660157e+10]
 [ 1.05521967e+11  1.82756827e+10 -5.88378638e+09]
 [ 1.23034162e+12 -8.02038192e+11 -3.50400502e+10]
 [ 1.98517667e+12  2.16977560e+12 -1.76597524e+10]
 [ 4.45211984e+12 -4.25648739e+11 -9.38383238e+10]
 [ 2.43189092e+12 -4.58020617e+12 -2.13337003e+11]]
n_body_gravitational_acceleration():m= [[1.9890e+30]
 [3.2850e+23]
 [4.8670e+24]
 [5.9720e+24]
 [6.3900e+23]
 [1.8989e+27]
 [5.6830e+26]
 [8.6810e+25]
 [1.0240e+26]
 [1.3090e+22]]
n_body_gravitational_acceleration(): inv_r3.shape =  10
n_body_gravitational_acceleration(): m.shape =  10
n_body_gravitational_acceleration(): extension =  0
n_body_gravitational_acceleration():inv_r3= [[1.00000000e+06 3.10745543e-34 7.29862737e-35 3.58704151e-33
  2.46111551e-36 7.80994939e-34 3.14675482e-37 3.92759086e-38
  1.11607865e-38 7.14992548e-39]
 [3.10745543e-34 1.00000000e+06 4.48671900e-34 2.71260832e-34
  1.83365426e-36 8.83653954e-35 2.38326134e-37 3.97629513e-38
  1.03845618e-38 6.58792065e-39]
 [7.29862737e-35 4.48671900e-34 1.00000000e+06 5.04440694e-35
  2.19510153e-36 5.18872538e-35 2.22471703e-37 4.49525709e-38
  1.05787390e-38 6.27355456e-39]
 [3.58704151e-33 2.71260832e-34 5.04440694e-35 1.00000000e+06
  1.93543109e-36 2.03531660e-34 2.98669698e-37 3.68292728e-38
  1.07947270e-38 7.18027356e-39]
 [2.46111551e-36 1.83365426e-36 2.19510153e-36 1.93543109e-36
  1.00000000e+06 3.94849154e-36 7.10990793e-37 7.69408699e-38
  1.83717504e-38 7.64648035e-39]
 [7.80994939e-34 8.83653954e-35 5.18872538e-35 2.03531660e-34
  3.94849154e-36 1.00000000e+06 3.70372386e-37 4.28834543e-38
  1.19819579e-38 7.28872344e-39]
 [3.14675482e-37 2.38326134e-37 2.22471703e-37 2.98669698e-37
  7.10990793e-37 3.70372386e-37 1.00000000e+06 3.46885853e-38
  2.92865362e-38 1.59983991e-38]
 [3.92759086e-38 3.97629513e-38 4.49525709e-38 3.68292728e-38
  7.69408699e-38 4.28834543e-38 3.46885853e-38 1.00000000e+06
  2.17655545e-38 3.22626772e-39]
 [1.11607865e-38 1.03845618e-38 1.05787390e-38 1.07947270e-38
  1.83717504e-38 1.19819579e-38 2.92865362e-38 2.17655545e-38
  1.00000000e+06 1.01326161e-38]
 [7.14992548e-39 6.58792065e-39 6.27355456e-39 7.18027356e-39
  7.64648035e-39 7.28872344e-39 1.59983991e-38 3.22626772e-39
  1.01326161e-38 1.00000000e+06]]
n_body_gravitational_acceleration(): m.shape after extension =  10
extreme_weather_events_n_body_analytics(): gravity of  Sun  at  @0  on  ('2023', '02', '01', '17', '30', '00.000') : [ 1.05153627e-05  1.75551043e-06 -5.83139111e-07]
extreme_weather_events_n_body_analytics(): gravity of  Moon  at  @0  on  ('2023', '02', '01', '17', '30', '00.000') : [ 4.03030250e-03 -4.56918486e-03 -7.95771616e-07]
extreme_weather_events_n_body_analytics(): gravity of  Mars  at  @0  on  ('2023', '02', '01', '17', '30', '00.000') : [ 5.13289578e-04 -2.26181116e-03 -6.00182469e-05]
extreme_weather_events_n_body_analytics(): gravity of  Mercury  at  @0  on  ('2023', '02', '01', '17', '30', '00.000') : [ 0.02552175  0.01777044 -0.00088871]
extreme_weather_events_n_body_analytics(): gravity of  Jupiter  at  @0  on  ('2023', '02', '01', '17', '30', '00.000') : [-2.33938159e-04 -6.28606294e-05  5.49306912e-06]
extreme_weather_events_n_body_analytics(): gravity of  Venus  at  @0  on  ('2023', '02', '01', '17', '30', '00.000') : [-0.01108026 -0.00189764  0.0006133 ]
extreme_weather_events_n_body_analytics(): gravity of  Saturn  at  @0  on  ('2023', '02', '01', '17', '30', '00.000') : [-5.15046151e-05  3.35423766e-05  1.46644498e-06]
extreme_weather_events_n_body_analytics(): gravity of  Uranus  at  @0  on  ('2023', '02', '01', '17', '30', '00.000') : [-1.03685523e-05 -1.13292995e-05  9.22725530e-08]
extreme_weather_events_n_body_analytics(): gravity of  Neptune  at  @0  on  ('2023', '02', '01', '17', '30', '00.000') : [-6.60885530e-06  6.31194817e-07  1.39288476e-07]
extreme_weather_events_n_body_analytics(): gravity of  Pluto  at  @0  on  ('2023', '02', '01', '17', '30', '00.000') : [-2.31230780e-06  4.35432801e-06  2.02835130e-07]
==============================================================
extreme_weather_events_n_body_analytics(): Pairwise Directed hausdorff Distance of Gravitational Acceleration: (0.0, 0, 0)
extreme_weather_events_n_body_analytics(): Pairwise Directed hausdorff Distance of Gravitational Acceleration: (0.006087050563053308, 0, 0)
extreme_weather_events_n_body_analytics(): Pairwise Directed hausdorff Distance of Gravitational Acceleration: (0.002319493161716461, 0, 0)
extreme_weather_events_n_body_analytics(): Pairwise Directed hausdorff Distance of Gravitational Acceleration: (0.03110206232873836, 0, 0)
extreme_weather_events_n_body_analytics(): Pairwise Directed hausdorff Distance of Gravitational Acceleration: (0.00025292230041908364, 0, 0)
extreme_weather_events_n_body_analytics(): Pairwise Directed hausdorff Distance of Gravitational Acceleration: (0.011268973870359906, 0, 0)
extreme_weather_events_n_body_analytics(): Pairwise Directed hausdorff Distance of Gravitational Acceleration: (6.972146950711397e-05, 0, 0)
extreme_weather_events_n_body_analytics(): Pairwise Directed hausdorff Distance of Gravitational Acceleration: (2.4653728741520242e-05, 0, 0)
extreme_weather_events_n_body_analytics(): Pairwise Directed hausdorff Distance of Gravitational Acceleration: (1.717628686272764e-05, 0, 0)
extreme_weather_events_n_body_analytics(): Pairwise Directed hausdorff Distance of Gravitational Acceleration: (1.3111854930490109e-05, 0, 0)
extreme_weather_events_n_body_analytics(): Pairwise Directed hausdorff Distance of Gravitational Acceleration: (0.006087050563053308, 0, 0)
extreme_weather_events_n_body_analytics(): Pairwise Directed hausdorff Distance of Gravitational Acceleration: (0.0, 0, 0)
extreme_weather_events_n_body_analytics(): Pairwise Directed hausdorff Distance of Gravitational Acceleration: (0.004206763671920442, 0, 0)
extreme_weather_events_n_body_analytics(): Pairwise Directed hausdorff Distance of Gravitational Acceleration: (0.03101176850795072, 0, 0)
extreme_weather_events_n_body_analytics(): Pairwise Directed hausdorff Distance of Gravitational Acceleration: (0.006204091072240701, 0, 0)
extreme_weather_events_n_body_analytics(): Pairwise Directed hausdorff Distance of Gravitational Acceleration: (0.01535718878565313, 0, 0)
extreme_weather_events_n_body_analytics(): Pairwise Directed hausdorff Distance of Gravitational Acceleration: (0.00615193079210417, 0, 0)
extreme_weather_events_n_body_analytics(): Pairwise Directed hausdorff Distance of Gravitational Acceleration: (0.006091064821922601, 0, 0)
extreme_weather_events_n_body_analytics(): Pairwise Directed hausdorff Distance of Gravitational Acceleration: (0.006097530069862384, 0, 0)
extreme_weather_events_n_body_analytics(): Pairwise Directed hausdorff Distance of Gravitational Acceleration: (0.00609747848726771, 0, 0)
extreme_weather_events_n_body_analytics(): Pairwise Directed hausdorff Distance of Gravitational Acceleration: (0.002319493161716461, 0, 0)
extreme_weather_events_n_body_analytics(): Pairwise Directed hausdorff Distance of Gravitational Acceleration: (0.004206763671920442, 0, 0)
extreme_weather_events_n_body_analytics(): Pairwise Directed hausdorff Distance of Gravitational Acceleration: (0.0, 0, 0)
extreme_weather_events_n_body_analytics(): Pairwise Directed hausdorff Distance of Gravitational Acceleration: (0.0320530993535602, 0, 0)
extreme_weather_events_n_body_analytics(): Pairwise Directed hausdorff Distance of Gravitational Acceleration: (0.0023233649027279116, 0, 0)
extreme_weather_events_n_body_analytics(): Pairwise Directed hausdorff Distance of Gravitational Acceleration: (0.011618790082534023, 0, 0)
extreme_weather_events_n_body_analytics(): Pairwise Directed hausdorff Distance of Gravitational Acceleration: (0.002364618514357494, 0, 0)
extreme_weather_events_n_body_analytics(): Pairwise Directed hausdorff Distance of Gravitational Acceleration: (0.002311384807506398, 0, 0)
extreme_weather_events_n_body_analytics(): Pairwise Directed hausdorff Distance of Gravitational Acceleration: (0.0023221883496124126, 0, 0)
extreme_weather_events_n_body_analytics(): Pairwise Directed hausdorff Distance of Gravitational Acceleration: (0.0023248608376916, 0, 0)
extreme_weather_events_n_body_analytics(): Pairwise Directed hausdorff Distance of Gravitational Acceleration: (0.03110206232873836, 0, 0)
extreme_weather_events_n_body_analytics(): Pairwise Directed hausdorff Distance of Gravitational Acceleration: (0.03101176850795072, 0, 0)
extreme_weather_events_n_body_analytics(): Pairwise Directed hausdorff Distance of Gravitational Acceleration: (0.0320530993535602, 0, 0)
extreme_weather_events_n_body_analytics(): Pairwise Directed hausdorff Distance of Gravitational Acceleration: (0.0, 0, 0)
extreme_weather_events_n_body_analytics(): Pairwise Directed hausdorff Distance of Gravitational Acceleration: (0.03133978232201717, 0, 0)
extreme_weather_events_n_body_analytics(): Pairwise Directed hausdorff Distance of Gravitational Acceleration: (0.04157880056592005, 0, 0)
extreme_weather_events_n_body_analytics(): Pairwise Directed hausdorff Distance of Gravitational Acceleration: (0.031134893192864138, 0, 0)
extreme_weather_events_n_body_analytics(): Pairwise Directed hausdorff Distance of Gravitational Acceleration: (0.031126686901477133, 0, 0)
extreme_weather_events_n_body_analytics(): Pairwise Directed hausdorff Distance of Gravitational Acceleration: (0.031116772561011932, 0, 0)
extreme_weather_events_n_body_analytics(): Pairwise Directed hausdorff Distance of Gravitational Acceleration: (0.031111123308536884, 0, 0)
extreme_weather_events_n_body_analytics(): Pairwise Directed hausdorff Distance of Gravitational Acceleration: (0.00025292230041908364, 0, 0)
extreme_weather_events_n_body_analytics(): Pairwise Directed hausdorff Distance of Gravitational Acceleration: (0.006204091072240701, 0, 0)
extreme_weather_events_n_body_analytics(): Pairwise Directed hausdorff Distance of Gravitational Acceleration: (0.0023233649027279116, 0, 0)
extreme_weather_events_n_body_analytics(): Pairwise Directed hausdorff Distance of Gravitational Acceleration: (0.03133978232201717, 0, 0)
extreme_weather_events_n_body_analytics(): Pairwise Directed hausdorff Distance of Gravitational Acceleration: (0.0, 0, 0)
extreme_weather_events_n_body_analytics(): Pairwise Directed hausdorff Distance of Gravitational Acceleration: (0.011017189390901155, 0, 0)
extreme_weather_events_n_body_analytics(): Pairwise Directed hausdorff Distance of Gravitational Acceleration: (0.00020637769054881403, 0, 0)
extreme_weather_events_n_body_analytics(): Pairwise Directed hausdorff Distance of Gravitational Acceleration: (0.00022949513181460155, 0, 0)
extreme_weather_events_n_body_analytics(): Pairwise Directed hausdorff Distance of Gravitational Acceleration: (0.0002360899975960376, 0, 0)
extreme_weather_events_n_body_analytics(): Pairwise Directed hausdorff Distance of Gravitational Acceleration: (0.00024123924214457655, 0, 0)
extreme_weather_events_n_body_analytics(): Pairwise Directed hausdorff Distance of Gravitational Acceleration: (0.011268973870359906, 0, 0)
